1 1 81.4
2 1 69.9
3 1 118.9
4 1 149.4
5 1 203.7
6 1 208
7 1 239.3
8 1 0
9 1 209.8
10 1 114.4
11 1 127.6
12 1 71.7
13 1 117.2
14 1 91.6
15 1 135
16 1 213.2
17 1 204
18 1 213.6
19 1 200.2
20 1 0
21 1 0
22 1 89
23 1 157.8
24 1 131.1
25 1 0
26 1 169.9
27 1 249.3
28 1 258.2
29 1 192.5
30 1 236.9
31 1 0
32 1 129
33 1 118.1
34 1 189.6
35 1 131.3
36 1 57.9
37 1 173.7
38 1 177
39 1 159.1
40 1 194
41 1 217
42 1 195.2
43 1 126.8
44 1 172.9
45 1 124.3
46 1 96.1
47 1 101.2
48 1 141.5
49 1 173.7
50 1 177
51 1 168.1
52 1 249.6
53 1 191
54 1 128
55 1 137.1
56 1 100.3
57 1 130.5
58 1 145.7
59 1 151.1
60 1 153.4
61 1 213.5
62 1 0
63 1 0
64 1 177.2
65 1 138.4
66 1 0
67 1 0
68 1 0
69 1 0
70 1 0
71 1 0
72 1 0
73 1 0
74 1 0
75 1 0
76 1 0
77 1 0
78 1 80.8
79 1 112.5
80 1 144.5
81 1 158.3
82 1 0
83 1 0
84 1 0
85 1 219.8
86 1 199.7
87 1 162.1
88 1 0
89 1 188.8
90 1 195.1
91 1 0
92 1 207.6
93 1 191.4
94 1 187.6
95 1 0
96 1 255.7
97 1 199.6
98 1 144
99 1 116.7
100 1 158.2
101 1 140.3
102 1 94.5
103 1 195.1
104 1 214.8
105 1 0
106 1 0
107 1 195.9
108 1 220.8
109 1 116.8
110 1 182.9
111 1 187
112 1 180.4
113 1 215.1
114 1 0
115 1 199
116 1 170.3
117 1 222.2
118 1 243.3
119 1 187.4
120 1 152.8
121 1 125.8
122 1 115.7
123 1 125.8
124 1 178.8
125 1 200.8
126 1 219.1
127 1 128.1
128 1 173
129 1 146
130 1 171.9
131 1 145.8
132 1 158
133 1 189.9
134 1 209.9
135 1 131.2
136 1 198.7
137 1 150
138 1 155.4
139 1 215.5
140 1 150.9
141 1 241.2
142 1 213.6
143 1 197
144 1 177.5
145 1 211.2
146 1 72.8
147 1 123.1
148 1 116.4
149 1 201.7
150 1 188.7
151 1 202.3
152 1 200.4
153 1 236.3
154 1 244.2
155 1 171.9
156 1 159.6
157 1 107.3
158 1 148.5
159 1 160.3
160 1 106.7
161 1 184.4
162 1 142.4
163 1 207.3
164 1 185.9
165 1 168.6
166 1 129.7
167 1 171.2
168 1 165.1
169 1 110.7
170 1 127.5
171 1 181.8
172 1 161.3
173 1 160.4
174 1 207.8
175 1 169.1
176 1 252.9
177 1 211.9
178 1 173.9
179 1 159.6
180 1 99.4
181 1 118.2
182 1 127.5
183 1 111.8
184 1 140.2
185 1 153.6
186 1 176.6
187 1 178.5
188 1 183.3
189 1 201.6
190 1 147.4
191 1 187.6
192 1 129.4
193 1 144.8
194 1 0
195 1 109
196 1 0
197 1 0
198 1 0
199 1 0
200 1 0
201 1 192.5
202 1 0
203 1 150.4
204 1 0
205 1 88.2
206 1 0
207 1 0
208 1 131.9
209 1 0
210 1 0
211 1 0
212 1 0
213 1 0
214 1 0
215 1 0
216 1 0
217 1 0
218 1 0
219 1 0
220 1 121.2
221 1 0
222 1 0
223 1 0
224 1 0
225 1 0
226 1 116
227 1 0
228 1 122.1
229 1 0
230 1 87.7
231 1 138.3
232 1 69.7
233 1 165.4
234 1 166.7
235 1 115.8
236 1 195.2
237 1 146.4
238 1 159.4
239 1 131.9
240 1 118
241 1 45.8
242 1 100.3
243 1 100.8
244 1 111.8
245 1 103.6
246 1 111.5
247 1 136.3
248 1 0
249 1 187.7
250 1 90.3
251 1 113.3
252 1 155
253 1 72.5
254 1 189
255 1 186.5
256 1 153.9
257 1 133.7
258 1 191.2
259 1 204.1
260 1 209.1
261 1 141.7
262 1 170.9
263 1 198.9
264 1 131.6
265 1 97.5
266 1 151.7
267 1 80.3
268 1 110.4
269 1 157.1
270 1 152.9
271 1 226.1
272 1 185.5
273 1 158.7
274 1 151.3
275 1 164.5
276 1 142.9
277 1 38.8
278 1 0
279 1 0
280 1 154.7
281 1 0
282 1 0
283 1 0
284 1 0
285 1 199.6
286 1 0
287 1 113.7
288 1 104.9
289 1 103.3
290 1 108.1
291 1 38.4
292 1 152.4
293 1 68.4
294 1 103.1
295 1 143.5
296 1 0
297 1 0
298 1 53.2
299 1 93.7
300 1 107.7
301 1 121.7
302 1 0
303 1 0
304 1 75.3
305 1 156.3
306 1 184.5
307 1 143.5
308 1 187.9
309 1 186.3
310 1 77.1
311 1 145.7
312 1 120.2
313 1 106
314 1 0
315 1 0
316 1 0
317 1 0
318 1 130.1
319 1 163.7
320 1 128.3
321 1 119.2
322 1 64.6
323 1 96.9
324 1 118.5
325 1 94.7
326 1 62.4
327 1 40
328 1 12.2
329 1 88
330 1 159.6
331 1 118.7
332 1 159.1
333 1 161.1
334 1 101.5
335 1 101.5
336 1 102
337 1 79
338 1 0
339 1 44.7
340 1 76.2
341 1 98.4
342 1 132.3
343 1 185.7
344 1 164.9
345 1 160.7
346 1 100.8
347 1 97.5
348 1 71.7
349 1 81
350 1 60.4
351 1 38.2
352 1 52.5
353 1 113.1
354 1 137.8
355 1 116.6
356 1 95.5
357 1 55.2
358 1 75.3
359 1 162.2
360 1 181.3
361 1 88.1
362 1 0
363 1 124.9
364 1 60.5
365 1 68.4
366 1 72.6
367 1 101
368 1 158.9
369 1 213.8
370 1 178.7
371 1 145.8
372 1 134.8
373 1 125.9
374 1 121.3
375 1 95.3
376 1 135.7
377 1 157.4
378 1 141.9
379 1 0
380 1 196.7
381 1 232.8
382 1 148.3
383 1 127.8
384 1 136.6
385 1 109.8
386 1 114.5
387 1 117.6
388 1 96.7
389 1 167.1
390 1 0
391 1 194.1
392 1 211.4
393 1 232.7
394 1 119.9
395 1 166.8
396 1 120.8
397 1 96.7
398 1 59.9
399 1 95.2
400 1 126.8
401 1 132.2
402 1 116.3
403 1 170.8
404 1 197.9
405 1 222.8
406 1 179.2
407 1 175
408 1 127.6
409 1 153.6
410 1 141.1
411 1 0
412 1 67.7
413 1 85.5
414 1 89.8
415 1 190.5
416 1 215.4
417 1 180.4
418 1 147.1
419 1 127.9
420 1 158.4
421 1 101.6
422 1 80.6
423 1 100.6
424 1 118.6
425 1 148.8
426 1 167.3
427 1 0
428 1 218.3
429 1 246.9
430 1 208.4
431 1 170
432 1 150
433 1 143.4
434 1 124.3
435 1 0
436 1 0
437 1 0
438 1 0
439 1 0
440 1 0
441 1 0
442 1 0
443 1 0
444 1 0
445 1 0
446 1 0
447 1 0
448 1 0
449 1 0
450 1 0
451 1 0
452 1 0
453 1 0
454 1 0
455 1 0
456 1 0
457 1 0
458 1 0
459 1 0
460 1 0
461 1 0
462 1 0
463 1 0
464 1 0
465 1 0
466 1 0
467 1 0
468 1 0
469 1 0
470 1 0
471 1 0
472 1 0
473 1 0
474 1 0
475 1 0
476 1 0
477 1 0
478 1 0
479 1 0
480 1 0
481 1 0
482 1 0
483 1 0
484 1 0
485 1 0
486 1 0
487 1 0
488 1 0
489 1 0
490 1 0
491 1 0
492 1 0
493 1 0
494 1 0
495 1 0
496 1 0
497 1 0
498 1 0
499 1 0
500 1 0
501 1 0
502 1 0
503 1 0
504 1 0
505 1 0
506 1 0
507 1 0
508 1 0
509 1 0
510 1 0
511 1 0
512 1 0
513 1 0
514 1 0
515 1 0
516 1 0
517 1 0
518 1 0
519 1 0
520 1 0
521 1 0
522 1 0
523 1 0
524 1 0
525 1 0
526 1 0
527 1 0
528 1 0
529 1 0
530 1 0
531 1 0
532 1 0
533 1 0
534 1 0
535 1 0
536 1 0
537 1 0
538 1 0
539 1 0
540 1 0
541 1 0
542 1 0
543 1 0
544 1 0
545 1 0
546 1 0
547 1 0
548 1 0
549 1 0
550 1 0
551 1 0
552 1 0
553 1 0
554 1 0
555 1 0
556 1 0
557 1 0
558 1 0
559 1 0
560 1 0
561 1 0
562 1 0
563 1 0
564 1 0
565 1 0
566 1 0
567 1 0
568 1 0
569 1 0
570 1 0
571 1 0
572 1 0
573 1 0
574 1 0
575 1 0
576 1 0
577 1 0
578 1 0
579 1 0
580 1 0
581 1 0
582 1 0
583 1 0
584 1 0
585 1 0
586 1 0
587 1 0
588 1 0
589 1 0
590 1 0
591 1 0
592 1 0
593 1 0
594 1 0
595 1 0
596 1 0
597 1 0
598 1 0
599 1 0
600 2 181.7
601 2 151.4
602 2 165.7
603 2 188.5
604 2 179.4
605 2 180.3
606 2 210.1
607 2 228.1
608 2 143.4
609 2 150.8
610 2 219.2
611 2 156.7
612 2 182.9
613 2 152.3
614 2 169.3
615 2 195.2
616 2 177.8
617 2 174.1
618 2 187.6
619 2 215.5
620 2 166.7
621 2 111.6
622 2 184.3
623 2 96.7
624 2 177
625 2 158.1
626 2 195.7
627 2 223.2
628 2 222.3
629 2 191.6
630 2 210.7
631 2 193.9
632 2 165.5
633 2 133.2
634 2 171.4
635 2 225
636 2 174.1
637 2 136.5
638 2 201.9
639 2 162.8
640 2 179.2
641 2 147
642 2 153.8
643 2 190.9
644 2 188.3
645 2 136.8
646 2 181.8
647 2 135
648 2 119.5
649 2 143.2
650 2 179.1
651 2 190.8
652 2 174
653 2 175.9
654 2 161
655 2 225.8
656 2 162.4
657 2 152.1
658 2 183.5
659 2 127.6
660 2 182.6
661 2 190.5
662 2 188.5
663 2 167.9
664 2 165
665 2 192.1
666 2 180.1
667 2 159.6
668 2 171.2
669 2 142.4
670 2 180.9
671 2 137.9
672 2 0
673 2 148.4
674 2 137.2
675 2 209.6
676 2 232.4
677 2 152.4
678 2 182.7
679 2 228.2
680 2 184.1
681 2 180.5
682 2 148.9
683 2 137.6
684 2 183.3
685 2 211.3
686 2 159.9
687 2 184.7
688 2 204.1
689 2 180.2
690 2 194.3
691 2 201
692 2 191.5
693 2 194.8
694 2 193.4
695 2 214.5
696 2 233.8
697 2 161.7
698 2 207.2
699 2 189.7
700 2 197.3
701 2 196.7
702 2 204.4
703 2 183.6
704 2 112.5
705 2 118.5
706 2 117.9
707 2 188.7
708 2 180.1
709 2 151.5
710 2 197.6
711 2 190.8
712 2 201.8
713 2 169.6
714 2 185
715 2 215.4
716 2 159.1
717 2 157.1
718 2 172.2
719 2 194.9
720 2 264.7
721 2 197.3
722 2 197.6
723 2 159.1
724 2 163.7
725 2 141.4
726 2 191
727 2 204.2
728 2 166.7
729 2 153.5
730 2 153.8
731 2 136.5
732 2 179.4
733 2 136.7
734 2 215.2
735 2 189.7
736 2 202.3
737 2 245.2
738 2 183.2
739 2 183.9
740 2 149.1
741 2 149.3
742 2 129.3
743 2 184.4
744 2 176.4
745 2 189.5
746 2 159.8
747 2 180.4
748 2 172.1
749 2 201.1
750 2 196.6
751 2 137.2
752 2 107.3
753 2 129.4
754 2 169.2
755 2 151.9
756 2 161.9
757 2 217.2
758 2 159.9
759 2 156.6
760 2 213.9
761 2 151
762 2 212.8
763 2 208.7
764 2 149.4
765 2 170
766 2 237.3
767 2 107.5
768 2 149.6
769 2 154.3
770 2 197.4
771 2 177.9
772 2 184.5
773 2 175.9
774 2 224.7
775 2 230.3
776 2 149.4
777 2 158.5
778 2 141.4
779 2 170
780 2 165.2
781 2 143.6
782 2 162.6
783 2 161.3
784 2 148.9
785 2 184
786 2 184.4
787 2 151
788 2 120.2
789 2 158
790 2 192
791 2 154.9
792 2 158.9
793 2 230.1
794 2 192.6
795 2 0
796 2 153.9
797 2 130.4
798 2 230.6
799 2 177.4
800 2 163.9
801 2 162.4
802 2 109.8
803 2 152.2
804 2 165.4
805 2 171.2
806 2 175.3
807 2 158.1
808 2 164.4
809 2 171.7
810 2 166.7
811 2 166.2
812 2 169.4
813 2 206.1
814 2 159.2
815 2 174.2
816 2 141.6
817 2 139.5
818 2 167
819 2 134.3
820 2 150.1
821 2 165.9
822 2 172.8
823 2 164.8
824 2 120.5
825 2 159.6
826 2 156.2
827 2 119.4
828 2 161.5
829 2 135.8
830 2 189
831 2 151.7
832 2 172.8
833 2 161.4
834 2 143.1
835 2 128.9
836 2 106.4
837 2 151.4
838 2 152.8
839 2 181.4
840 2 101.1
841 2 190.2
842 2 158.4
843 2 155.7
844 2 183.2
845 2 163.9
846 2 176.8
847 2 156.5
848 2 138.7
849 2 118
850 2 130.8
851 2 138.2
852 2 113.5
853 2 129
854 2 59.1
855 2 147.3
856 2 149.4
857 2 139
858 2 178.5
859 2 156.6
860 2 129.8
861 2 133.3
862 2 99.4
863 2 71
864 2 0
865 2 124.6
866 2 202.1
867 2 215.8
868 2 142.4
869 2 115.2
870 2 184.6
871 2 171.2
872 2 177.5
873 2 110.4
874 2 184.2
875 2 179.4
876 2 163.6
877 2 112.7
878 2 80.4
879 2 122.8
880 2 126.8
881 2 133.2
882 2 168.2
883 2 141.9
884 2 190.6
885 2 136.6
886 2 130.6
887 2 175.6
888 2 197.2
889 2 211.6
890 2 221.7
891 2 106.1
892 2 147.2
893 2 182.6
894 2 147.4
895 2 205.5
896 2 163.2
897 2 153.4
898 2 151.7
899 2 193.6
900 2 157.2
901 2 85.4
902 2 178.1
903 2 111
904 2 93
905 2 0
906 2 0
907 2 0
908 2 118.7
909 2 0
910 2 0
911 2 0
912 2 0
913 2 0
914 2 0
915 2 0
916 2 0
917 2 0
918 2 0
919 2 0
920 2 0
921 2 0
922 2 0
923 2 0
924 2 0
925 2 0
926 2 0
927 2 0
928 2 0
929 2 0
930 2 0
931 2 0
932 2 0
933 2 0
934 2 0
935 2 0
936 2 0
937 2 0
938 2 0
939 2 0
940 2 0
941 2 0
942 2 0
943 2 0
944 2 0
945 2 0
946 2 0
947 2 0
948 2 0
949 2 0
950 2 0
951 2 0
952 2 0
953 2 0
954 2 0
955 2 0
956 2 0
957 2 0
958 2 0
959 2 0
960 2 0
961 2 0
962 2 0
963 2 0
964 2 0
965 2 0
966 2 0
967 2 0
968 2 0
969 2 0
970 2 0
971 2 0
972 2 0
973 2 0
974 2 0
975 2 0
976 2 0
977 2 0
978 2 0
979 2 0
980 2 0
981 2 0
982 2 0
983 2 0
984 2 0
985 2 0
986 2 0
987 2 0
988 2 0
989 2 0
990 2 0
991 2 0
992 2 0
993 2 0
994 2 0
995 2 0
996 2 0
997 2 0
998 2 0
999 2 0
1000 2 0
1001 2 0
1002 2 0
1003 2 0
1004 2 0
1005 2 0
1006 2 0
1007 2 0
1008 2 0
1009 2 0
1010 2 0
1011 2 0
1012 2 0
1013 2 0
1014 2 0
1015 2 0
1016 2 0
1017 2 0
1018 2 0
1019 2 0
1020 2 0
1021 2 0
1022 2 0
1023 2 0
1024 2 0
1025 2 0
1026 2 0
1027 2 0
1028 2 0
1029 2 0
1030 2 0
1031 2 0
1032 2 135.2
1033 2 226.4
1034 2 205.7
1035 2 128.1
1036 2 128.5
1037 2 159.9
1038 2 0
1039 2 151.5
1040 2 139.5
1041 2 158.1
1042 2 0
1043 2 101
1044 2 151.8
1045 2 175.1
1046 2 116.7
1047 2 128.7
1048 2 199.7
1049 2 183.5
1050 2 187
1051 2 119.6
1052 2 168.3
1053 2 212.3
1054 2 173.9
1055 2 116.2
1056 2 177.7
1057 2 197.2
1058 2 163.1
1059 2 128.5
1060 2 125.2
1061 2 222.2
1062 2 194.7
1063 2 162.8
1064 2 165.3
1065 2 167.8
1066 2 130.5
1067 2 194.4
1068 2 147.6
1069 2 0
1070 2 0
1071 2 0
1072 2 212.9
1073 2 232.1
1074 2 127.2
1075 2 0
1076 2 0
1077 2 0
1078 2 0
1079 2 228.6
1080 2 155.9
1081 2 153.1
1082 2 150.9
1083 2 126.9
1084 2 233.7
1085 2 218.3
1086 2 141.2
1087 2 138.9
1088 2 137.8
1089 2 219.4
1090 2 148.2
1091 2 191.1
1092 2 174.4
1093 2 132.8
1094 2 106.3
1095 2 233.9
1096 2 149
1097 2 173.4
1098 2 205.1
1099 2 0
1100 2 0
1101 2 0
1102 2 0
1103 2 0
1104 2 0
1105 2 0
1106 2 0
1107 2 0
1108 2 0
1109 2 0
1110 2 0
1111 2 0
1112 2 0
1113 2 0
1114 2 0
1115 2 0
1116 2 0
1117 2 0
1118 2 0
1119 2 0
1120 2 0
1121 2 0
1122 2 0
1123 2 0
1124 2 0
1125 2 0
1126 2 0
1127 2 0
1128 2 0
1129 2 0
1130 2 0
1131 2 0
1132 2 0
1133 2 0
1134 2 0
1135 2 0
1136 2 0
1137 2 204.5
1138 2 164.7
1139 2 162.2
1140 2 152
1141 2 141
1142 2 110.5
1143 2 190.7
1144 2 230.6
1145 2 155.9
1146 2 163.8
1147 2 205.7
1148 2 152.5
1149 2 205.1
1150 2 186.4
1151 2 167.4
1152 2 138.6
1153 2 155.1
1154 2 114.7
1155 2 147.8
1156 2 172.1
1157 2 146
1158 2 170.3
1159 2 129.2
1160 2 238.6
1161 2 164.7
1162 2 152.6
1163 2 136.8
1164 2 148.7
1165 2 158
1166 2 112.9
1167 2 150.6
1168 2 155.3
1169 2 0
1170 2 0
1171 2 0
1172 2 0
1173 2 176.7
1174 2 101.6
1175 2 126.3
1176 2 165.6
1177 2 91.1
1178 2 109.1
1179 2 191.8
1180 2 182.7
1181 2 145.4
1182 2 156.3
1183 2 190.9
1184 2 189.2
1185 2 201.9
1186 2 139.4
1187 2 145.2
1188 2 149.6
1189 2 148.9
1190 2 147.6
1191 2 151.9
1192 2 67.4
1193 2 176.7
1194 2 161.9
1195 2 181.3
1196 2 152.8
1197 2 164.1
1198 2 208.1
1199 2 166.5
1200 2 186.4
1201 2 164
1202 2 127.4
1203 2 189.4
1204 2 202.7
1205 2 143.7
1206 2 165.9
1207 2 109.5
1208 2 190.4
1209 2 259.2
1210 2 195.9
1211 2 194.8
1212 2 146.7
1213 2 149.7
1214 2 91.9
1215 2 149.4
1216 2 0
1217 2 164.9
1218 2 143.7
1219 2 119.7
1220 2 163.2
1221 2 204.8
1222 2 165.2
1223 2 138.3
1224 2 162
1225 2 195.2
1226 3 0
1227 3 0
1228 3 0
1229 3 0
1230 3 0
1231 3 0
1232 3 0
1233 3 0
1234 3 0
1235 3 0
1236 3 0
1237 3 0
1238 3 0
1239 3 0
1240 3 0
1241 3 0
1242 3 0
1243 3 0
1244 3 0
1245 3 0
1246 3 0
1247 3 0
1248 3 0
1249 3 0
1250 3 0
1251 3 0
1252 3 0
1253 3 0
1254 3 0
1255 3 0
1256 3 0
1257 3 0
1258 3 0
1259 3 0
1260 3 0
1261 3 0
1262 3 0
1263 3 0
1264 3 0
1265 3 0
1266 3 0
1267 3 0
1268 3 0
1269 3 0
1270 3 0
1271 3 0
1272 3 0
1273 3 0
1274 3 0
1275 3 0
1276 3 0
1277 3 0
1278 3 0
1279 3 0
1280 3 0
1281 3 0
1282 3 0
1283 3 0
1284 3 0
1285 3 0
1286 3 0
1287 3 0
1288 3 0
1289 3 0
1290 3 0
1291 3 0
1292 3 0
1293 3 0
1294 3 0
1295 3 0
1296 3 0
1297 3 0
1298 3 0
1299 3 0
1300 3 0
1301 3 0
1302 3 0
1303 3 0
1304 3 0
1305 3 0
1306 3 0
1307 3 0
1308 3 0
1309 3 0
1310 3 0
1311 3 0
1312 3 0
1313 3 0
1314 3 0
1315 3 0
1316 3 0
1317 3 0
1318 3 0
1319 3 0
1320 3 0
1321 3 0
1322 3 0
1323 3 0
1324 3 0
1325 3 0
1326 3 0
1327 3 0
1328 3 0
1329 3 0
1330 3 0
1331 3 0
1332 3 244.6
1333 3 166.7
1334 3 144.9
1335 3 112.9
1336 3 237.7
1337 3 193.8
1338 3 256.1
1339 3 285
1340 3 229.6
1341 3 248.5
1342 3 211.3
1343 3 140.6
1344 3 176.3
1345 3 135.7
1346 3 235.5
1347 3 250
1348 3 247.7
1349 3 275.4
1350 3 227.5
1351 3 215.3
1352 3 220.8
1353 3 202.7
1354 3 152.8
1355 3 224.2
1356 3 206.2
1357 3 223.8
1358 3 224.2
1359 3 214
1360 3 242.5
1361 3 228.5
1362 3 233.3
1363 3 222
1364 3 160.2
1365 3 197
1366 3 213.2
1367 3 157.6
1368 3 163
1369 3 227.1
1370 3 146.1
1371 3 188.9
1372 3 263.4
1373 3 194.2
1374 3 274.2
1375 3 234.1
1376 3 221.3
1377 3 193.1
1378 3 251.4
1379 3 117.4
1380 3 211
1381 3 143
1382 3 245.2
1383 3 220.4
1384 3 247.5
1385 3 221.2
1386 3 252
1387 3 260.3
1388 3 215.8
1389 3 211.1
1390 3 159
1391 3 205.5
1392 3 180.9
1393 3 124
1394 3 219.2
1395 3 217.2
1396 3 201.9
1397 3 263.8
1398 3 245.2
1399 3 217.5
1400 3 159.3
1401 3 233.6
1402 3 211.5
1403 3 135.2
1404 3 164.5
1405 3 248.3
1406 3 201.6
1407 3 203.8
1408 3 234.2
1409 3 196.1
1410 3 269.6
1411 3 247.2
1412 3 208
1413 3 237.9
1414 3 142.7
1415 3 168.6
1416 3 200.4
1417 3 224.3
1418 3 213.2
1419 3 237.4
1420 3 216
1421 3 239.5
1422 3 232.3
1423 3 255.6
1424 3 202.7
1425 3 245.9
1426 3 194
1427 3 207.8
1428 3 173.9
1429 3 187.2
1430 3 217.8
1431 3 199.2
1432 3 185.1
1433 3 192
1434 3 0
1435 3 166.2
1436 3 104.6
1437 3 192.2
1438 3 150.9
1439 3 87.2
1440 3 115.7
1441 3 149.9
1442 3 203.9
1443 3 156.1
1444 3 208.7
1445 3 168.1
1446 3 239.9
1447 3 184.5
1448 3 94.3
1449 3 179.6
1450 3 165.7
1451 3 178.9
1452 3 126.3
1453 3 153
1454 3 145.8
1455 3 109.2
1456 3 268.4
1457 3 180.8
1458 3 225.6
1459 3 180.1
1460 3 168.5
1461 3 207.2
1462 3 152.4
1463 3 169.7
1464 3 204.7
1465 3 140.3
1466 3 238.9
1467 3 220.6
1468 3 169.5
1469 3 244.5
1470 3 237.2
1471 3 212
1472 3 184.7
1473 3 199.7
1474 3 136.5
1475 3 157.5
1476 3 181.5
1477 3 193.4
1478 3 199.2
1479 3 172.1
1480 3 153.4
1481 3 198.6
1482 3 254.2
1483 3 127.1
1484 3 166.6
1485 3 204.9
1486 3 129.2
1487 3 243.9
1488 3 248.1
1489 3 212.3
1490 3 183.3
1491 3 198.3
1492 3 209.3
1493 3 210.2
1494 3 189.8
1495 3 211.4
1496 3 253.8
1497 3 212.1
1498 3 166.1
1499 3 214.4
1500 3 137.3
1501 3 192.7
1502 3 245.3
1503 3 160.8
1504 3 220.1
1505 3 200.5
1506 3 161.7
1507 3 214.6
1508 3 245.3
1509 3 178
1510 3 107
1511 3 183.6
1512 3 161.9
1513 3 255.2
1514 3 188.5
1515 3 138
1516 3 196.1
1517 3 0
1518 3 0
1519 3 0
1520 3 0
1521 3 0
1522 3 0
1523 3 0
1524 3 0
1525 3 0
1526 3 0
1527 3 0
1528 3 0
1529 3 0
1530 3 0
1531 3 0
1532 3 0
1533 3 0
1534 3 0
1535 3 0
1536 3 0
1537 3 0
1538 3 0
1539 3 0
1540 3 0
1541 3 0
1542 3 0
1543 3 0
1544 3 0
1545 3 0
1546 3 0
1547 3 0
1548 3 0
1549 3 0
1550 3 0
1551 3 0
1552 3 0
1553 3 0
1554 3 0
1555 3 0
1556 3 0
1557 3 0
1558 3 0
1559 3 0
1560 3 0
1561 3 0
1562 3 0
1563 3 0
1564 3 0
1565 3 0
1566 3 0
1567 3 0
1568 3 0
1569 3 0
1570 3 0
1571 3 0
1572 3 0
1573 3 0
1574 3 0
1575 3 0
1576 3 0
1577 3 0
1578 3 0
1579 3 0
1580 3 0
1581 3 0
1582 3 0
1583 3 0
1584 3 0
1585 3 0
1586 3 0
1587 3 0
1588 3 0
1589 3 0
1590 3 0
1591 3 0
1592 3 0
1593 3 0
1594 3 0
1595 3 0
1596 3 0
1597 3 0
1598 3 0
1599 3 0
1600 3 0
1601 3 0
1602 3 0
1603 3 0
1604 3 0
1605 3 0
1606 3 0
1607 3 0
1608 3 0
1609 3 0
1610 3 0
1611 3 0
1612 3 0
1613 3 0
1614 3 0
1615 3 0
1616 3 0
1617 3 0
1618 3 126.4
1619 3 172.1
1620 3 144.9
1621 3 191.4
1622 3 235.4
1623 3 217.7
1624 3 222.1
1625 3 231.5
1626 3 245.6
1627 3 157.6
1628 3 173
1629 3 178
1630 3 153.8
1631 3 101.6
1632 3 179.9
1633 3 216.8
1634 3 220
1635 3 188.3
1636 3 179.3
1637 3 238
1638 3 239.3
1639 3 191.5
1640 3 181.5
1641 3 141.4
1642 3 205.7
1643 3 211.7
1644 3 127.4
1645 3 196.6
1646 3 212.8
1647 3 125.4
1648 3 206.5
1649 3 247.7
1650 3 174.9
1651 3 151.8
1652 3 155.1
1653 3 213.2
1654 3 172.5
1655 3 109.1
1656 3 0
1657 3 157.8
1658 3 0
1659 3 0
1660 3 177.5
1661 3 192
1662 3 0
1663 3 142.3
1664 3 108.3
1665 3 142.6
1666 3 0
1667 3 0
1668 3 144.4
1669 3 256.1
1670 3 234.3
1671 3 216.3
1672 3 213
1673 3 199.6
1674 3 178.9
1675 3 224.9
1676 3 188.3
1677 3 164.3
1678 3 215.4
1679 3 159.4
1680 3 216.3
1681 3 219.7
1682 3 194
1683 3 188.6
1684 3 208.6
1685 3 230.3
1686 3 204.8
1687 3 218.9
1688 3 185.8
1689 3 150.1
1690 3 144.1
1691 3 128
1692 3 233.1
1693 3 264.6
1694 3 196.7
1695 3 233
1696 3 193.4
1697 3 222.3
1698 3 171.5
1699 3 222.8
1700 3 174.5
1701 3 178.1
1702 3 101.7
1703 3 207.4
1704 3 173.6
1705 3 189.1
1706 3 233.3
1707 3 224.9
1708 3 219.2
1709 3 231.6
1710 3 203.4
1711 3 197.3
1712 3 171.3
1713 3 185.9
1714 3 144.5
1715 3 173.6
1716 3 204.6
1717 3 182.8
1718 3 150.1
1719 3 187.9
1720 3 194.9
1721 3 269.4
1722 3 223.6
1723 3 141.1
1724 3 174.1
1725 3 180.4
1726 3 106.7
1727 3 214.9
1728 3 183.5
1729 3 207.7
1730 3 210.3
1731 3 187.6
1732 3 214
1733 3 250.5
1734 3 154.8
1735 3 163.3
1736 3 169.8
1737 3 152
1738 3 166
1739 3 137.1
1740 3 202.1
1741 3 220.7
1742 3 219.6
1743 3 222.8
1744 3 227.5
1745 3 263.2
1746 3 182.9
1747 3 200.5
1748 3 187.3
1749 3 136
1750 3 82.5
1751 3 166.4
1752 3 214.9
1753 3 196.3
1754 3 203.3
1755 3 229.2
1756 3 194.7
1757 3 253.8
1758 3 237.6
1759 3 189.9
1760 3 158.5
1761 3 184.8
1762 3 104.5
1763 3 139.5
1764 3 187.2
1765 3 154.6
1766 3 196.4
1767 3 184.2
1768 3 256.3
1769 3 231.2
1770 3 216.3
1771 3 159.1
1772 3 189.8
1773 3 175.8
1774 3 121.9
1775 3 135
1776 3 161.1
1777 3 217.6
1778 3 222.9
1779 3 174.2
1780 3 179.7
1781 3 204.3
1782 3 164.3
1783 3 0
1784 3 162.2
1785 3 108.2
1786 3 96.3
1787 3 178.3
1788 3 194.2
1789 3 171.8
1790 3 213.4
1791 3 230.6
1792 3 237.7
1793 3 278.5
1794 3 193.3
1795 3 203
1796 3 0
1797 3 0
1798 3 0
1799 3 0
1800 3 99.9
1801 3 182.9
1802 3 0
1803 3 181
1804 3 217.5
1805 3 219.6
1806 3 248.7
1807 3 0
1808 3 225.8
1809 3 233.2
1810 3 131
1811 3 209.3
1812 3 207.2
1813 3 188.7
1814 3 0
1815 3 149.4
1816 3 226.4
1817 3 269.3
1818 3 224.5
1819 3 223.1
1820 3 210.4
1821 3 169.5
1822 3 147.2
1823 3 141.4
1824 3 145.6
1825 3 183.2
1826 3 199.6
1827 3 0
1828 3 217.4
1829 3 246
1830 3 190.1
1831 3 179.9
1832 3 178.7
1833 3 185.6