1 1[80.40000153-82.50000000[ 1
2 1[67.40000153-71.00000000[ 1
3 1[118.69999695-119.40000153[ 1
4 1[148.80000305-149.89999390[ 1
5 1[203.69999695-204.00000000[ 1
6 1[207.60000610-208.10000610[ 1
7 1[239.30000305-241.19999695[ 1
8 1[0.00000000-59.09999847[ 1
9 1[209.60000610-210.10000610[ 1
10 1[113.50000000-114.69999695[ 1
11 1[127.50000000-128.10000610[ 1
12 1[71.00000000-80.40000153[ 1
13 1[116.69999695-117.40000153[ 1
14 1[91.09999847-91.90000153[ 1
15 1[134.80000305-135.19999695[ 1
16 1[212.89999390-213.50000000[ 1
17 1[204.00000000-204.30000305[ 1
18 1[213.50000000-213.89999390[ 1
19 1[200.19999695-200.80000305[ 1
20 1[0.00000000-59.09999847[ 1
21 1[0.00000000-59.09999847[ 1
22 1[87.69999695-91.09999847[ 1
23 1[157.50000000-158.19999695[ 1
24 1[131.00000000-132.80000305[ 1
25 1[0.00000000-59.09999847[ 1
26 1[169.89999390-170.30000305[ 1
27 1[249.30000305-250.00000000[ 1
28 1[258.20001221-260.29998779[ 1
29 1[192.50000000-192.60000610[ 1
30 1[236.30000305-237.19999695[ 1
31 1[0.00000000-59.09999847[ 1
32 1[128.30000305-129.19999695[ 1
33 1[117.90000153-118.50000000[ 1
34 1[189.60000610-189.80000305[ 1
35 1[131.00000000-132.80000305[ 1
36 1[0.00000000-59.09999847[ 1
37 1[173.69999695-173.89999390[ 1
38 1[177.00000000-177.19999695[ 1
39 1[159.00000000-159.30000305[ 1
40 1[193.89999390-194.10000610[ 1
41 1[217.00000000-217.39999390[ 1
42 1[195.19999695-196.10000610[ 1
43 1[126.40000153-127.09999847[ 1
44 1[172.89999390-173.39999390[ 1
45 1[124.00000000-124.59999847[ 1
46 1[94.50000000-96.30000305[ 1
47 1[101.19999695-102.00000000[ 1
48 1[141.50000000-141.69999695[ 1
49 1[173.69999695-173.89999390[ 1
50 1[177.00000000-177.19999695[ 1
51 1[168.10000610-168.19999695[ 1
52 1[249.30000305-250.00000000[ 1
53 1[190.60000610-191.10000610[ 1
54 1[127.50000000-128.10000610[ 1
55 1[137.10000610-137.19999695[ 1
56 1[99.90000153-101.19999695[ 1
57 1[130.39999390-130.60000610[ 1
58 1[145.60000610-146.10000610[ 1
59 1[151.10000610-151.39999390[ 1
60 1[153.10000610-153.50000000[ 1
61 1[213.50000000-213.89999390[ 1
62 1[0.00000000-59.09999847[ 1
63 1[0.00000000-59.09999847[ 1
64 1[177.19999695-177.50000000[ 1
65 1[138.19999695-138.60000610[ 1
66 1[0.00000000-59.09999847[ 1
67 1[0.00000000-59.09999847[ 1
68 1[0.00000000-59.09999847[ 1
69 1[0.00000000-59.09999847[ 1
70 1[0.00000000-59.09999847[ 1
71 1[0.00000000-59.09999847[ 1
72 1[0.00000000-59.09999847[ 1
73 1[0.00000000-59.09999847[ 1
74 1[0.00000000-59.09999847[ 1
75 1[0.00000000-59.09999847[ 1
76 1[0.00000000-59.09999847[ 1
77 1[0.00000000-59.09999847[ 1
78 1[80.40000153-82.50000000[ 1
79 1[111.80000305-112.90000153[ 1
80 1[144.00000000-144.89999390[ 1
81 1[158.19999695-158.39999390[ 1
82 1[0.00000000-59.09999847[ 1
83 1[0.00000000-59.09999847[ 1
84 1[0.00000000-59.09999847[ 1
85 1[219.80000305-221.19999695[ 1
86 1[199.19999695-200.19999695[ 1
87 1[162.10000610-163.00000000[ 1
88 1[0.00000000-59.09999847[ 1
89 1[188.50000000-188.89999390[ 1
90 1[195.10000610-195.19999695[ 1
91 1[0.00000000-59.09999847[ 1
92 1[207.60000610-208.10000610[ 1
93 1[191.39999390-191.50000000[ 1
94 1[187.39999390-187.69999695[ 1
95 1[0.00000000-59.09999847[ 1
96 1[255.69999695-258.20001221[ 1
97 1[199.19999695-200.19999695[ 1
98 1[144.00000000-144.89999390[ 1
99 1[116.69999695-117.40000153[ 1
100 1[158.19999695-158.39999390[ 1
101 1[140.19999695-141.00000000[ 1
102 1[94.50000000-96.30000305[ 1
103 1[195.10000610-195.19999695[ 1
104 1[214.80000305-215.10000610[ 1
105 1[0.00000000-59.09999847[ 1
106 1[0.00000000-59.09999847[ 1
107 1[195.19999695-196.10000610[ 1
108 1[219.80000305-221.19999695[ 1
109 1[116.69999695-117.40000153[ 1
110 1[182.80000305-183.50000000[ 1
111 1[186.50000000-187.19999695[ 1
112 1[180.39999390-180.50000000[ 1
113 1[215.10000610-215.30000305[ 1
114 1[0.00000000-59.09999847[ 1
115 1[198.69999695-199.19999695[ 1
116 1[170.30000305-171.19999695[ 1
117 1[222.19999695-222.89999390[ 1
118 1[243.30000305-244.19999695[ 1
119 1[187.39999390-187.69999695[ 1
120 1[152.80000305-152.89999390[ 1
121 1[125.80000305-126.30000305[ 1
122 1[115.69999695-115.80000305[ 1
123 1[125.80000305-126.30000305[ 1
124 1[178.80000305-179.10000610[ 1
125 1[200.80000305-201.60000610[ 1
126 1[218.89999390-219.19999695[ 1
127 1[128.10000610-128.30000305[ 1
128 1[172.89999390-173.39999390[ 1
129 1[145.60000610-146.10000610[ 1
130 1[171.80000305-172.10000610[ 1
131 1[145.60000610-146.10000610[ 1
132 1[157.50000000-158.19999695[ 1
133 1[189.80000305-190.10000610[ 1
134 1[209.60000610-210.10000610[ 1
135 1[131.00000000-132.80000305[ 1
136 1[198.69999695-199.19999695[ 1
137 1[149.89999390-150.10000610[ 1
138 1[155.30000305-155.69999695[ 1
139 1[215.50000000-215.80000305[ 1
140 1[150.89999390-151.10000610[ 1
141 1[241.19999695-243.30000305[ 1
142 1[213.50000000-213.89999390[ 1
143 1[197.00000000-197.19999695[ 1
144 1[177.50000000-177.69999695[ 1
145 1[211.19999695-211.39999390[ 1
146 1[71.00000000-80.40000153[ 1
147 1[122.80000305-124.00000000[ 1
148 1[116.19999695-116.69999695[ 1
149 1[201.69999695-202.10000610[ 1
150 1[188.50000000-188.89999390[ 1
151 1[202.30000305-203.69999695[ 1
152 1[200.19999695-200.80000305[ 1
153 1[236.30000305-237.19999695[ 1
154 1[244.19999695-246.89999390[ 1
155 1[171.80000305-172.10000610[ 1
156 1[159.60000610-159.80000305[ 1
157 1[107.30000305-107.69999695[ 1
158 1[148.50000000-148.80000305[ 1
159 1[160.19999695-160.80000305[ 1
160 1[106.69999695-107.30000305[ 1
161 1[184.30000305-184.50000000[ 1
162 1[142.30000305-142.60000610[ 1
163 1[207.30000305-207.60000610[ 1
164 1[185.80000305-186.30000305[ 1
165 1[168.50000000-169.10000610[ 1
166 1[129.19999695-129.80000305[ 1
167 1[171.19999695-171.30000305[ 1
168 1[165.10000610-165.50000000[ 1
169 1[110.69999695-111.50000000[ 1
170 1[127.50000000-128.10000610[ 1
171 1[181.69999695-182.60000610[ 1
172 1[161.30000305-162.10000610[ 1
173 1[160.19999695-160.80000305[ 1
174 1[207.60000610-208.10000610[ 1
175 1[169.10000610-169.50000000[ 1
176 1[252.89999390-255.69999695[ 1
177 1[211.69999695-212.00000000[ 1
178 1[173.89999390-174.00000000[ 1
179 1[159.60000610-159.80000305[ 1
180 1[96.90000153-99.90000153[ 1
181 1[117.90000153-118.50000000[ 1
182 1[127.50000000-128.10000610[ 1
183 1[111.80000305-112.90000153[ 1
184 1[140.19999695-141.00000000[ 1
185 1[153.50000000-153.80000305[ 1
186 1[176.60000610-177.00000000[ 1
187 1[178.30000305-178.80000305[ 1
188 1[182.80000305-183.50000000[ 1
189 1[201.60000610-201.69999695[ 1
190 1[147.30000305-147.60000610[ 1
191 1[187.39999390-187.69999695[ 1
192 1[129.19999695-129.80000305[ 1
193 1[144.00000000-144.89999390[ 1
194 1[0.00000000-59.09999847[ 1
195 1[109.00000000-109.50000000[ 1
196 1[0.00000000-59.09999847[ 1
197 1[0.00000000-59.09999847[ 1
198 1[0.00000000-59.09999847[ 1
199 1[0.00000000-59.09999847[ 1
200 1[0.00000000-59.09999847[ 1
201 1[192.50000000-192.60000610[ 1
202 1[0.00000000-59.09999847[ 1
203 1[150.39999390-150.89999390[ 1
204 1[0.00000000-59.09999847[ 1
205 1[87.69999695-91.09999847[ 1
206 1[0.00000000-59.09999847[ 1
207 1[0.00000000-59.09999847[ 1
208 1[131.00000000-132.80000305[ 1
209 1[0.00000000-59.09999847[ 1
210 1[0.00000000-59.09999847[ 1
211 1[0.00000000-59.09999847[ 1
212 1[0.00000000-59.09999847[ 1
213 1[0.00000000-59.09999847[ 1
214 1[0.00000000-59.09999847[ 1
215 1[0.00000000-59.09999847[ 1
216 1[0.00000000-59.09999847[ 1
217 1[0.00000000-59.09999847[ 1
218 1[0.00000000-59.09999847[ 1
219 1[0.00000000-59.09999847[ 1
220 1[120.80000305-121.90000153[ 1
221 1[0.00000000-59.09999847[ 1
222 1[0.00000000-59.09999847[ 1
223 1[0.00000000-59.09999847[ 1
224 1[0.00000000-59.09999847[ 1
225 1[0.00000000-59.09999847[ 1
226 1[115.80000305-116.19999695[ 1
227 1[0.00000000-59.09999847[ 1
228 1[121.90000153-122.80000305[ 1
229 1[0.00000000-59.09999847[ 1
230 1[87.69999695-91.09999847[ 1
231 1[138.19999695-138.60000610[ 1
232 1[67.40000153-71.00000000[ 1
233 1[165.10000610-165.50000000[ 1
234 1[166.69999695-166.80000305[ 1
235 1[115.80000305-116.19999695[ 1
236 1[195.19999695-196.10000610[ 1
237 1[146.10000610-146.69999695[ 1
238 1[159.30000305-159.60000610[ 1
239 1[131.00000000-132.80000305[ 1
240 1[117.90000153-118.50000000[ 1
241 1[0.00000000-59.09999847[ 1
242 1[99.90000153-101.19999695[ 1
243 1[99.90000153-101.19999695[ 1
244 1[111.80000305-112.90000153[ 1
245 1[102.00000000-104.50000000[ 1
246 1[111.50000000-111.80000305[ 1
247 1[136.30000305-136.60000610[ 1
248 1[0.00000000-59.09999847[ 1
249 1[187.69999695-188.30000305[ 1
250 1[87.69999695-91.09999847[ 1
251 1[113.09999847-113.50000000[ 1
252 1[155.00000000-155.30000305[ 1
253 1[71.00000000-80.40000153[ 1
254 1[188.89999390-189.10000610[ 1
255 1[186.50000000-187.19999695[ 1
256 1[153.89999390-154.60000610[ 1
257 1[133.69999695-134.80000305[ 1
258 1[191.10000610-191.39999390[ 1
259 1[204.00000000-204.30000305[ 1
260 1[209.10000610-209.60000610[ 1
261 1[141.69999695-142.30000305[ 1
262 1[170.30000305-171.19999695[ 1
263 1[198.69999695-199.19999695[ 1
264 1[131.00000000-132.80000305[ 1
265 1[96.90000153-99.90000153[ 1
266 1[151.69999695-151.80000305[ 1
267 1[71.00000000-80.40000153[ 1
268 1[109.50000000-110.69999695[ 1
269 1[156.50000000-157.19999695[ 1
270 1[152.89999390-153.10000610[ 1
271 1[226.10000610-228.10000610[ 1
272 1[185.10000610-185.60000610[ 1
273 1[158.69999695-159.00000000[ 1
274 1[151.10000610-151.39999390[ 1
275 1[164.39999390-164.69999695[ 1
276 1[142.89999390-143.10000610[ 1
277 1[0.00000000-59.09999847[ 1
278 1[0.00000000-59.09999847[ 1
279 1[0.00000000-59.09999847[ 1
280 1[154.60000610-154.80000305[ 1
281 1[0.00000000-59.09999847[ 1
282 1[0.00000000-59.09999847[ 1
283 1[0.00000000-59.09999847[ 1
284 1[0.00000000-59.09999847[ 1
285 1[199.19999695-200.19999695[ 1
286 1[0.00000000-59.09999847[ 1
287 1[113.50000000-114.69999695[ 1
288 1[104.90000153-106.09999847[ 1
289 1[102.00000000-104.50000000[ 1
290 1[107.69999695-108.19999695[ 1
291 1[0.00000000-59.09999847[ 1
292 1[152.39999390-152.50000000[ 1
293 1[67.40000153-71.00000000[ 1
294 1[102.00000000-104.50000000[ 1
295 1[143.50000000-143.60000610[ 1
296 1[0.00000000-59.09999847[ 1
297 1[0.00000000-59.09999847[ 1
298 1[0.00000000-59.09999847[ 1
299 1[93.69999695-94.50000000[ 1
300 1[107.69999695-108.19999695[ 1
301 1[120.80000305-121.90000153[ 1
302 1[0.00000000-59.09999847[ 1
303 1[0.00000000-59.09999847[ 1
304 1[71.00000000-80.40000153[ 1
305 1[156.10000610-156.50000000[ 1
306 1[184.50000000-184.60000610[ 1
307 1[143.50000000-143.60000610[ 1
308 1[187.69999695-188.30000305[ 1
309 1[186.30000305-186.50000000[ 1
310 1[71.00000000-80.40000153[ 1
311 1[145.60000610-146.10000610[ 1
312 1[119.90000153-120.80000305[ 1
313 1[104.90000153-106.09999847[ 1
314 1[0.00000000-59.09999847[ 1
315 1[0.00000000-59.09999847[ 1
316 1[0.00000000-59.09999847[ 1
317 1[0.00000000-59.09999847[ 1
318 1[129.80000305-130.39999390[ 1
319 1[163.69999695-164.30000305[ 1
320 1[128.30000305-129.19999695[ 1
321 1[118.69999695-119.40000153[ 1
322 1[59.09999847-67.40000153[ 1
323 1[96.90000153-99.90000153[ 1
324 1[118.50000000-118.69999695[ 1
325 1[94.50000000-96.30000305[ 1
326 1[59.09999847-67.40000153[ 1
327 1[0.00000000-59.09999847[ 1
328 1[0.00000000-59.09999847[ 1
329 1[87.69999695-91.09999847[ 1
330 1[159.60000610-159.80000305[ 1
331 1[118.69999695-119.40000153[ 1
332 1[159.00000000-159.30000305[ 1
333 1[161.10000610-161.30000305[ 1
334 1[101.19999695-102.00000000[ 1
335 1[101.19999695-102.00000000[ 1
336 1[102.00000000-104.50000000[ 1
337 1[71.00000000-80.40000153[ 1
338 1[0.00000000-59.09999847[ 1
339 1[0.00000000-59.09999847[ 1
340 1[71.00000000-80.40000153[ 1
341 1[96.90000153-99.90000153[ 1
342 1[131.00000000-132.80000305[ 1
343 1[185.60000610-185.80000305[ 1
344 1[164.89999390-165.10000610[ 1
345 1[160.19999695-160.80000305[ 1
346 1[99.90000153-101.19999695[ 1
347 1[96.90000153-99.90000153[ 1
348 1[71.00000000-80.40000153[ 1
349 1[80.40000153-82.50000000[ 1
350 1[59.09999847-67.40000153[ 1
351 1[0.00000000-59.09999847[ 1
352 1[0.00000000-59.09999847[ 1
353 1[113.09999847-113.50000000[ 1
354 1[137.30000305-137.89999390[ 1
355 1[116.19999695-116.69999695[ 1
356 1[94.50000000-96.30000305[ 1
357 1[0.00000000-59.09999847[ 1
358 1[71.00000000-80.40000153[ 1
359 1[162.10000610-163.00000000[ 1
360 1[181.00000000-181.39999390[ 1
361 1[87.69999695-91.09999847[ 1
362 1[0.00000000-59.09999847[ 1
363 1[124.59999847-125.19999695[ 1
364 1[59.09999847-67.40000153[ 1
365 1[67.40000153-71.00000000[ 1
366 1[71.00000000-80.40000153[ 1
367 1[99.90000153-101.19999695[ 1
368 1[158.69999695-159.00000000[ 1
369 1[213.50000000-213.89999390[ 1
370 1[178.30000305-178.80000305[ 1
371 1[145.60000610-146.10000610[ 1
372 1[134.80000305-135.19999695[ 1
373 1[125.80000305-126.30000305[ 1
374 1[120.80000305-121.90000153[ 1
375 1[94.50000000-96.30000305[ 1
376 1[135.69999695-135.80000305[ 1
377 1[157.19999695-157.50000000[ 1
378 1[141.69999695-142.30000305[ 1
379 1[0.00000000-59.09999847[ 1
380 1[196.60000610-197.00000000[ 1
381 1[232.39999390-233.00000000[ 1
382 1[148.30000305-148.50000000[ 1
383 1[127.50000000-128.10000610[ 1
384 1[136.60000610-137.10000610[ 1
385 1[109.50000000-110.69999695[ 1
386 1[113.50000000-114.69999695[ 1
387 1[117.40000153-117.90000153[ 1
388 1[96.30000305-96.90000153[ 1
389 1[167.10000610-167.39999390[ 1
390 1[0.00000000-59.09999847[ 1
391 1[194.10000610-194.30000305[ 1
392 1[211.39999390-211.50000000[ 1
393 1[232.39999390-233.00000000[ 1
394 1[119.90000153-120.80000305[ 1
395 1[166.80000305-167.10000610[ 1
396 1[120.80000305-121.90000153[ 1
397 1[96.30000305-96.90000153[ 1
398 1[59.09999847-67.40000153[ 1
399 1[94.50000000-96.30000305[ 1
400 1[126.40000153-127.09999847[ 1
401 1[131.00000000-132.80000305[ 1
402 1[116.19999695-116.69999695[ 1
403 1[170.30000305-171.19999695[ 1
404 1[197.89999390-198.69999695[ 1
405 1[222.19999695-222.89999390[ 1
406 1[179.10000610-179.30000305[ 1
407 1[175.00000000-175.80000305[ 1
408 1[127.50000000-128.10000610[ 1
409 1[153.50000000-153.80000305[ 1
410 1[141.00000000-141.19999695[ 1
411 1[0.00000000-59.09999847[ 1
412 1[67.40000153-71.00000000[ 1
413 1[85.50000000-87.69999695[ 1
414 1[87.69999695-91.09999847[ 1
415 1[190.10000610-190.60000610[ 1
416 1[215.30000305-215.50000000[ 1
417 1[180.39999390-180.50000000[ 1
418 1[147.10000610-147.30000305[ 1
419 1[127.50000000-128.10000610[ 1
420 1[158.39999390-158.50000000[ 1
421 1[101.19999695-102.00000000[ 1
422 1[80.40000153-82.50000000[ 1
423 1[99.90000153-101.19999695[ 1
424 1[118.50000000-118.69999695[ 1
425 1[148.80000305-149.89999390[ 1
426 1[167.10000610-167.39999390[ 1
427 1[0.00000000-59.09999847[ 1
428 1[218.30000305-218.89999390[ 1
429 1[246.89999390-249.30000305[ 1
430 1[208.10000610-208.60000610[ 1
431 1[169.89999390-170.30000305[ 1
432 1[149.89999390-150.10000610[ 1
433 1[143.39999390-143.50000000[ 1
434 1[124.00000000-124.59999847[ 1
435 1[0.00000000-59.09999847[ 1
436 1[0.00000000-59.09999847[ 1
437 1[0.00000000-59.09999847[ 1
438 1[0.00000000-59.09999847[ 1
439 1[0.00000000-59.09999847[ 1
440 1[0.00000000-59.09999847[ 1
441 1[0.00000000-59.09999847[ 1
442 1[0.00000000-59.09999847[ 1
443 1[0.00000000-59.09999847[ 1
444 1[0.00000000-59.09999847[ 1
445 1[0.00000000-59.09999847[ 1
446 1[0.00000000-59.09999847[ 1
447 1[0.00000000-59.09999847[ 1
448 1[0.00000000-59.09999847[ 1
449 1[0.00000000-59.09999847[ 1
450 1[0.00000000-59.09999847[ 1
451 1[0.00000000-59.09999847[ 1
452 1[0.00000000-59.09999847[ 1
453 1[0.00000000-59.09999847[ 1
454 1[0.00000000-59.09999847[ 1
455 1[0.00000000-59.09999847[ 1
456 1[0.00000000-59.09999847[ 1
457 1[0.00000000-59.09999847[ 1
458 1[0.00000000-59.09999847[ 1
459 1[0.00000000-59.09999847[ 1
460 1[0.00000000-59.09999847[ 1
461 1[0.00000000-59.09999847[ 1
462 1[0.00000000-59.09999847[ 1
463 1[0.00000000-59.09999847[ 1
464 1[0.00000000-59.09999847[ 1
465 1[0.00000000-59.09999847[ 1
466 1[0.00000000-59.09999847[ 1
467 1[0.00000000-59.09999847[ 1
468 1[0.00000000-59.09999847[ 1
469 1[0.00000000-59.09999847[ 1
470 1[0.00000000-59.09999847[ 1
471 1[0.00000000-59.09999847[ 1
472 1[0.00000000-59.09999847[ 1
473 1[0.00000000-59.09999847[ 1
474 1[0.00000000-59.09999847[ 1
475 1[0.00000000-59.09999847[ 1
476 1[0.00000000-59.09999847[ 1
477 1[0.00000000-59.09999847[ 1
478 1[0.00000000-59.09999847[ 1
479 1[0.00000000-59.09999847[ 1
480 1[0.00000000-59.09999847[ 1
481 1[0.00000000-59.09999847[ 1
482 1[0.00000000-59.09999847[ 1
483 1[0.00000000-59.09999847[ 1
484 1[0.00000000-59.09999847[ 1
485 1[0.00000000-59.09999847[ 1
486 1[0.00000000-59.09999847[ 1
487 1[0.00000000-59.09999847[ 1
488 1[0.00000000-59.09999847[ 1
489 1[0.00000000-59.09999847[ 1
490 1[0.00000000-59.09999847[ 1
491 1[0.00000000-59.09999847[ 1
492 1[0.00000000-59.09999847[ 1
493 1[0.00000000-59.09999847[ 1
494 1[0.00000000-59.09999847[ 1
495 1[0.00000000-59.09999847[ 1
496 1[0.00000000-59.09999847[ 1
497 1[0.00000000-59.09999847[ 1
498 1[0.00000000-59.09999847[ 1
499 1[0.00000000-59.09999847[ 1
500 1[0.00000000-59.09999847[ 1
501 1[0.00000000-59.09999847[ 1
502 1[0.00000000-59.09999847[ 1
503 1[0.00000000-59.09999847[ 1
504 1[0.00000000-59.09999847[ 1
505 1[0.00000000-59.09999847[ 1
506 1[0.00000000-59.09999847[ 1
507 1[0.00000000-59.09999847[ 1
508 1[0.00000000-59.09999847[ 1
509 1[0.00000000-59.09999847[ 1
510 1[0.00000000-59.09999847[ 1
511 1[0.00000000-59.09999847[ 1
512 1[0.00000000-59.09999847[ 1
513 1[0.00000000-59.09999847[ 1
514 1[0.00000000-59.09999847[ 1
515 1[0.00000000-59.09999847[ 1
516 1[0.00000000-59.09999847[ 1
517 1[0.00000000-59.09999847[ 1
518 1[0.00000000-59.09999847[ 1
519 1[0.00000000-59.09999847[ 1
520 1[0.00000000-59.09999847[ 1
521 1[0.00000000-59.09999847[ 1
522 1[0.00000000-59.09999847[ 1
523 1[0.00000000-59.09999847[ 1
524 1[0.00000000-59.09999847[ 1
525 1[0.00000000-59.09999847[ 1
526 1[0.00000000-59.09999847[ 1
527 1[0.00000000-59.09999847[ 1
528 1[0.00000000-59.09999847[ 1
529 1[0.00000000-59.09999847[ 1
530 1[0.00000000-59.09999847[ 1
531 1[0.00000000-59.09999847[ 1
532 1[0.00000000-59.09999847[ 1
533 1[0.00000000-59.09999847[ 1
534 1[0.00000000-59.09999847[ 1
535 1[0.00000000-59.09999847[ 1
536 1[0.00000000-59.09999847[ 1
537 1[0.00000000-59.09999847[ 1
538 1[0.00000000-59.09999847[ 1
539 1[0.00000000-59.09999847[ 1
540 1[0.00000000-59.09999847[ 1
541 1[0.00000000-59.09999847[ 1
542 1[0.00000000-59.09999847[ 1
543 1[0.00000000-59.09999847[ 1
544 1[0.00000000-59.09999847[ 1
545 1[0.00000000-59.09999847[ 1
546 1[0.00000000-59.09999847[ 1
547 1[0.00000000-59.09999847[ 1
548 1[0.00000000-59.09999847[ 1
549 1[0.00000000-59.09999847[ 1
550 1[0.00000000-59.09999847[ 1
551 1[0.00000000-59.09999847[ 1
552 1[0.00000000-59.09999847[ 1
553 1[0.00000000-59.09999847[ 1
554 1[0.00000000-59.09999847[ 1
555 1[0.00000000-59.09999847[ 1
556 1[0.00000000-59.09999847[ 1
557 1[0.00000000-59.09999847[ 1
558 1[0.00000000-59.09999847[ 1
559 1[0.00000000-59.09999847[ 1
560 1[0.00000000-59.09999847[ 1
561 1[0.00000000-59.09999847[ 1
562 1[0.00000000-59.09999847[ 1
563 1[0.00000000-59.09999847[ 1
564 1[0.00000000-59.09999847[ 1
565 1[0.00000000-59.09999847[ 1
566 1[0.00000000-59.09999847[ 1
567 1[0.00000000-59.09999847[ 1
568 1[0.00000000-59.09999847[ 1
569 1[0.00000000-59.09999847[ 1
570 1[0.00000000-59.09999847[ 1
571 1[0.00000000-59.09999847[ 1
572 1[0.00000000-59.09999847[ 1
573 1[0.00000000-59.09999847[ 1
574 1[0.00000000-59.09999847[ 1
575 1[0.00000000-59.09999847[ 1
576 1[0.00000000-59.09999847[ 1
577 1[0.00000000-59.09999847[ 1
578 1[0.00000000-59.09999847[ 1
579 1[0.00000000-59.09999847[ 1
580 1[0.00000000-59.09999847[ 1
581 1[0.00000000-59.09999847[ 1
582 1[0.00000000-59.09999847[ 1
583 1[0.00000000-59.09999847[ 1
584 1[0.00000000-59.09999847[ 1
585 1[0.00000000-59.09999847[ 1
586 1[0.00000000-59.09999847[ 1
587 1[0.00000000-59.09999847[ 1
588 1[0.00000000-59.09999847[ 1
589 1[0.00000000-59.09999847[ 1
590 1[0.00000000-59.09999847[ 1
591 1[0.00000000-59.09999847[ 1
592 1[0.00000000-59.09999847[ 1
593 1[0.00000000-59.09999847[ 1
594 1[0.00000000-59.09999847[ 1
595 1[0.00000000-59.09999847[ 1
596 1[0.00000000-59.09999847[ 1
597 1[0.00000000-59.09999847[ 1
598 1[0.00000000-59.09999847[ 1
599 1[0.00000000-59.09999847[ 1
600 1[181.69999695-182.60000610[ 2
601 1[151.39999390-151.69999695[ 2
602 1[165.69999695-166.00000000[ 2
603 1[188.50000000-188.89999390[ 2
604 1[179.30000305-179.60000610[ 2
605 1[179.60000610-180.39999390[ 2
606 1[210.10000610-210.69999695[ 2
607 1[228.10000610-228.50000000[ 2
608 1[143.39999390-143.50000000[ 2
609 1[150.39999390-150.89999390[ 2
610 1[219.19999695-219.39999390[ 2
611 1[156.50000000-157.19999695[ 2
612 1[182.80000305-183.50000000[ 2
613 1[152.10000610-152.39999390[ 2
614 1[169.10000610-169.50000000[ 2
615 1[195.19999695-196.10000610[ 2
616 1[177.69999695-178.00000000[ 2
617 1[174.00000000-174.39999390[ 2
618 1[187.39999390-187.69999695[ 2
619 1[215.50000000-215.80000305[ 2
620 1[166.69999695-166.80000305[ 2
621 1[111.50000000-111.80000305[ 2
622 1[184.30000305-184.50000000[ 2
623 1[96.30000305-96.90000153[ 2
624 1[177.00000000-177.19999695[ 2
625 1[157.50000000-158.19999695[ 2
626 1[195.19999695-196.10000610[ 2
627 1[223.19999695-224.69999695[ 2
628 1[222.19999695-222.89999390[ 2
629 1[191.50000000-192.00000000[ 2
630 1[210.69999695-211.19999695[ 2
631 1[193.89999390-194.10000610[ 2
632 1[165.50000000-165.69999695[ 2
633 1[132.80000305-133.69999695[ 2
634 1[171.30000305-171.50000000[ 2
635 1[225.00000000-226.10000610[ 2
636 1[174.00000000-174.39999390[ 2
637 1[136.30000305-136.60000610[ 2
638 1[201.69999695-202.10000610[ 2
639 1[162.10000610-163.00000000[ 2
640 1[179.10000610-179.30000305[ 2
641 1[146.69999695-147.10000610[ 2
642 1[153.80000305-153.89999390[ 2
643 1[190.60000610-191.10000610[ 2
644 1[188.30000305-188.50000000[ 2
645 1[136.60000610-137.10000610[ 2
646 1[181.69999695-182.60000610[ 2
647 1[134.80000305-135.19999695[ 2
648 1[119.40000153-119.90000153[ 2
649 1[143.10000610-143.39999390[ 2
650 1[179.10000610-179.30000305[ 2
651 1[190.60000610-191.10000610[ 2
652 1[174.00000000-174.39999390[ 2
653 1[175.80000305-176.30000305[ 2
654 1[160.80000305-161.10000610[ 2
655 1[225.00000000-226.10000610[ 2
656 1[162.10000610-163.00000000[ 2
657 1[152.10000610-152.39999390[ 2
658 1[183.50000000-183.60000610[ 2
659 1[127.50000000-128.10000610[ 2
660 1[182.60000610-182.80000305[ 2
661 1[190.10000610-190.60000610[ 2
662 1[188.50000000-188.89999390[ 2
663 1[167.39999390-168.10000610[ 2
664 1[164.89999390-165.10000610[ 2
665 1[192.10000610-192.50000000[ 2
666 1[179.60000610-180.39999390[ 2
667 1[159.60000610-159.80000305[ 2
668 1[171.19999695-171.30000305[ 2
669 1[142.30000305-142.60000610[ 2
670 1[180.50000000-181.00000000[ 2
671 1[137.89999390-138.19999695[ 2
672 1[0.00000000-59.09999847[ 2
673 1[148.30000305-148.50000000[ 2
674 1[137.19999695-137.30000305[ 2
675 1[209.60000610-210.10000610[ 2
676 1[232.39999390-233.00000000[ 2
677 1[152.39999390-152.50000000[ 2
678 1[182.60000610-182.80000305[ 2
679 1[228.10000610-228.50000000[ 2
680 1[183.60000610-184.30000305[ 2
681 1[180.50000000-181.00000000[ 2
682 1[148.80000305-149.89999390[ 2
683 1[137.30000305-137.89999390[ 2
684 1[182.80000305-183.50000000[ 2
685 1[211.19999695-211.39999390[ 2
686 1[159.80000305-160.19999695[ 2
687 1[184.60000610-184.80000305[ 2
688 1[204.00000000-204.30000305[ 2
689 1[179.60000610-180.39999390[ 2
690 1[194.30000305-194.80000305[ 2
691 1[200.80000305-201.60000610[ 2
692 1[191.50000000-192.00000000[ 2
693 1[194.80000305-195.10000610[ 2
694 1[192.60000610-193.60000610[ 2
695 1[214.50000000-214.80000305[ 2
696 1[233.69999695-234.10000610[ 2
697 1[161.30000305-162.10000610[ 2
698 1[206.19999695-207.30000305[ 2
699 1[189.60000610-189.80000305[ 2
700 1[197.30000305-197.89999390[ 2
701 1[196.60000610-197.00000000[ 2
702 1[204.30000305-204.60000610[ 2
703 1[183.60000610-184.30000305[ 2
704 1[111.80000305-112.90000153[ 2
705 1[118.50000000-118.69999695[ 2
706 1[117.90000153-118.50000000[ 2
707 1[188.50000000-188.89999390[ 2
708 1[179.60000610-180.39999390[ 2
709 1[151.39999390-151.69999695[ 2
710 1[197.30000305-197.89999390[ 2
711 1[190.60000610-191.10000610[ 2
712 1[201.69999695-202.10000610[ 2
713 1[169.60000610-169.89999390[ 2
714 1[184.80000305-185.10000610[ 2
715 1[215.30000305-215.50000000[ 2
716 1[159.00000000-159.30000305[ 2
717 1[156.50000000-157.19999695[ 2
718 1[172.10000610-172.50000000[ 2
719 1[194.80000305-195.10000610[ 2
720 1[264.70001221-285.01000977[ 2
721 1[197.30000305-197.89999390[ 2
722 1[197.30000305-197.89999390[ 2
723 1[159.00000000-159.30000305[ 2
724 1[163.69999695-164.30000305[ 2
725 1[141.19999695-141.50000000[ 2
726 1[190.60000610-191.10000610[ 2
727 1[204.00000000-204.30000305[ 2
728 1[166.69999695-166.80000305[ 2
729 1[153.50000000-153.80000305[ 2
730 1[153.80000305-153.89999390[ 2
731 1[136.30000305-136.60000610[ 2
732 1[179.30000305-179.60000610[ 2
733 1[136.60000610-137.10000610[ 2
734 1[215.10000610-215.30000305[ 2
735 1[189.60000610-189.80000305[ 2
736 1[202.30000305-203.69999695[ 2
737 1[244.19999695-246.89999390[ 2
738 1[182.80000305-183.50000000[ 2
739 1[183.60000610-184.30000305[ 2
740 1[148.80000305-149.89999390[ 2
741 1[148.80000305-149.89999390[ 2
742 1[129.19999695-129.80000305[ 2
743 1[184.30000305-184.50000000[ 2
744 1[176.30000305-176.60000610[ 2
745 1[189.10000610-189.60000610[ 2
746 1[159.80000305-160.19999695[ 2
747 1[180.39999390-180.50000000[ 2
748 1[172.10000610-172.50000000[ 2
749 1[200.80000305-201.60000610[ 2
750 1[196.60000610-197.00000000[ 2
751 1[137.19999695-137.30000305[ 2
752 1[107.30000305-107.69999695[ 2
753 1[129.19999695-129.80000305[ 2
754 1[169.10000610-169.50000000[ 2
755 1[151.80000305-152.10000610[ 2
756 1[161.30000305-162.10000610[ 2
757 1[217.00000000-217.39999390[ 2
758 1[159.80000305-160.19999695[ 2
759 1[156.50000000-157.19999695[ 2
760 1[213.89999390-214.50000000[ 2
761 1[150.89999390-151.10000610[ 2
762 1[212.00000000-212.89999390[ 2
763 1[208.60000610-209.10000610[ 2
764 1[148.80000305-149.89999390[ 2
765 1[169.89999390-170.30000305[ 2
766 1[237.19999695-237.39999390[ 2
767 1[107.30000305-107.69999695[ 2
768 1[148.80000305-149.89999390[ 2
769 1[153.89999390-154.60000610[ 2
770 1[197.30000305-197.89999390[ 2
771 1[177.69999695-178.00000000[ 2
772 1[184.50000000-184.60000610[ 2
773 1[175.80000305-176.30000305[ 2
774 1[224.69999695-225.00000000[ 2
775 1[230.10000610-232.10000610[ 2
776 1[148.80000305-149.89999390[ 2
777 1[158.50000000-158.69999695[ 2
778 1[141.19999695-141.50000000[ 2
779 1[169.89999390-170.30000305[ 2
780 1[165.10000610-165.50000000[ 2
781 1[143.60000610-144.00000000[ 2
782 1[162.10000610-163.00000000[ 2
783 1[161.30000305-162.10000610[ 2
784 1[148.80000305-149.89999390[ 2
785 1[183.60000610-184.30000305[ 2
786 1[184.30000305-184.50000000[ 2
787 1[150.89999390-151.10000610[ 2
788 1[119.90000153-120.80000305[ 2
789 1[157.50000000-158.19999695[ 2
790 1[192.00000000-192.10000610[ 2
791 1[154.80000305-155.00000000[ 2
792 1[158.69999695-159.00000000[ 2
793 1[230.10000610-232.10000610[ 2
794 1[192.60000610-193.60000610[ 2
795 1[0.00000000-59.09999847[ 2
796 1[153.89999390-154.60000610[ 2
797 1[130.39999390-130.60000610[ 2
798 1[230.10000610-232.10000610[ 2
799 1[177.19999695-177.50000000[ 2
800 1[163.69999695-164.30000305[ 2
801 1[162.10000610-163.00000000[ 2
802 1[109.50000000-110.69999695[ 2
803 1[152.10000610-152.39999390[ 2
804 1[165.10000610-165.50000000[ 2
805 1[171.19999695-171.30000305[ 2
806 1[175.00000000-175.80000305[ 2
807 1[157.50000000-158.19999695[ 2
808 1[164.39999390-164.69999695[ 2
809 1[171.50000000-171.80000305[ 2
810 1[166.69999695-166.80000305[ 2
811 1[166.19999695-166.50000000[ 2
812 1[169.10000610-169.50000000[ 2
813 1[204.89999390-206.19999695[ 2
814 1[159.00000000-159.30000305[ 2
815 1[174.00000000-174.39999390[ 2
816 1[141.50000000-141.69999695[ 2
817 1[138.60000610-140.19999695[ 2
818 1[166.80000305-167.10000610[ 2
819 1[133.69999695-134.80000305[ 2
820 1[150.10000610-150.39999390[ 2
821 1[165.69999695-166.00000000[ 2
822 1[172.50000000-172.89999390[ 2
823 1[164.69999695-164.89999390[ 2
824 1[119.90000153-120.80000305[ 2
825 1[159.60000610-159.80000305[ 2
826 1[156.10000610-156.50000000[ 2
827 1[119.40000153-119.90000153[ 2
828 1[161.30000305-162.10000610[ 2
829 1[135.80000305-136.30000305[ 2
830 1[188.89999390-189.10000610[ 2
831 1[151.69999695-151.80000305[ 2
832 1[172.50000000-172.89999390[ 2
833 1[161.30000305-162.10000610[ 2
834 1[143.10000610-143.39999390[ 2
835 1[128.30000305-129.19999695[ 2
836 1[106.09999847-106.69999695[ 2
837 1[151.39999390-151.69999695[ 2
838 1[152.80000305-152.89999390[ 2
839 1[181.39999390-181.69999695[ 2
840 1[99.90000153-101.19999695[ 2
841 1[190.10000610-190.60000610[ 2
842 1[158.39999390-158.50000000[ 2
843 1[155.69999695-156.10000610[ 2
844 1[182.80000305-183.50000000[ 2
845 1[163.69999695-164.30000305[ 2
846 1[176.60000610-177.00000000[ 2
847 1[156.50000000-157.19999695[ 2
848 1[138.60000610-140.19999695[ 2
849 1[117.90000153-118.50000000[ 2
850 1[130.60000610-131.00000000[ 2
851 1[138.19999695-138.60000610[ 2
852 1[113.50000000-114.69999695[ 2
853 1[128.30000305-129.19999695[ 2
854 1[59.09999847-67.40000153[ 2
855 1[147.30000305-147.60000610[ 2
856 1[148.80000305-149.89999390[ 2
857 1[138.60000610-140.19999695[ 2
858 1[178.30000305-178.80000305[ 2
859 1[156.50000000-157.19999695[ 2
860 1[129.80000305-130.39999390[ 2
861 1[132.80000305-133.69999695[ 2
862 1[96.90000153-99.90000153[ 2
863 1[71.00000000-80.40000153[ 2
864 1[0.00000000-59.09999847[ 2
865 1[124.59999847-125.19999695[ 2
866 1[202.10000610-202.30000305[ 2
867 1[215.80000305-216.00000000[ 2
868 1[142.30000305-142.60000610[ 2
869 1[114.69999695-115.69999695[ 2
870 1[184.60000610-184.80000305[ 2
871 1[171.19999695-171.30000305[ 2
872 1[177.50000000-177.69999695[ 2
873 1[109.50000000-110.69999695[ 2
874 1[183.60000610-184.30000305[ 2
875 1[179.30000305-179.60000610[ 2
876 1[163.30000305-163.69999695[ 2
877 1[111.80000305-112.90000153[ 2
878 1[80.40000153-82.50000000[ 2
879 1[122.80000305-124.00000000[ 2
880 1[126.40000153-127.09999847[ 2
881 1[132.80000305-133.69999695[ 2
882 1[168.19999695-168.50000000[ 2
883 1[141.69999695-142.30000305[ 2
884 1[190.60000610-191.10000610[ 2
885 1[136.60000610-137.10000610[ 2
886 1[130.60000610-131.00000000[ 2
887 1[175.00000000-175.80000305[ 2
888 1[197.19999695-197.30000305[ 2
889 1[211.50000000-211.69999695[ 2
890 1[221.69999695-222.19999695[ 2
891 1[106.09999847-106.69999695[ 2
892 1[147.10000610-147.30000305[ 2
893 1[182.60000610-182.80000305[ 2
894 1[147.30000305-147.60000610[ 2
895 1[204.89999390-206.19999695[ 2
896 1[163.00000000-163.30000305[ 2
897 1[153.10000610-153.50000000[ 2
898 1[151.69999695-151.80000305[ 2
899 1[193.60000610-193.89999390[ 2
900 1[157.19999695-157.50000000[ 2
901 1[82.50000000-85.50000000[ 2
902 1[178.00000000-178.30000305[ 2
903 1[110.69999695-111.50000000[ 2
904 1[91.90000153-93.69999695[ 2
905 1[0.00000000-59.09999847[ 2
906 1[0.00000000-59.09999847[ 2
907 1[0.00000000-59.09999847[ 2
908 1[118.69999695-119.40000153[ 2
909 1[0.00000000-59.09999847[ 2
910 1[0.00000000-59.09999847[ 2
911 1[0.00000000-59.09999847[ 2
912 1[0.00000000-59.09999847[ 2
913 1[0.00000000-59.09999847[ 2
914 1[0.00000000-59.09999847[ 2
915 1[0.00000000-59.09999847[ 2
916 1[0.00000000-59.09999847[ 2
917 1[0.00000000-59.09999847[ 2
918 1[0.00000000-59.09999847[ 2
919 1[0.00000000-59.09999847[ 2
920 1[0.00000000-59.09999847[ 2
921 1[0.00000000-59.09999847[ 2
922 1[0.00000000-59.09999847[ 2
923 1[0.00000000-59.09999847[ 2
924 1[0.00000000-59.09999847[ 2
925 1[0.00000000-59.09999847[ 2
926 1[0.00000000-59.09999847[ 2
927 1[0.00000000-59.09999847[ 2
928 1[0.00000000-59.09999847[ 2
929 1[0.00000000-59.09999847[ 2
930 1[0.00000000-59.09999847[ 2
931 1[0.00000000-59.09999847[ 2
932 1[0.00000000-59.09999847[ 2
933 1[0.00000000-59.09999847[ 2
934 1[0.00000000-59.09999847[ 2
935 1[0.00000000-59.09999847[ 2
936 1[0.00000000-59.09999847[ 2
937 1[0.00000000-59.09999847[ 2
938 1[0.00000000-59.09999847[ 2
939 1[0.00000000-59.09999847[ 2
940 1[0.00000000-59.09999847[ 2
941 1[0.00000000-59.09999847[ 2
942 1[0.00000000-59.09999847[ 2
943 1[0.00000000-59.09999847[ 2
944 1[0.00000000-59.09999847[ 2
945 1[0.00000000-59.09999847[ 2
946 1[0.00000000-59.09999847[ 2
947 1[0.00000000-59.09999847[ 2
948 1[0.00000000-59.09999847[ 2
949 1[0.00000000-59.09999847[ 2
950 1[0.00000000-59.09999847[ 2
951 1[0.00000000-59.09999847[ 2
952 1[0.00000000-59.09999847[ 2
953 1[0.00000000-59.09999847[ 2
954 1[0.00000000-59.09999847[ 2
955 1[0.00000000-59.09999847[ 2
956 1[0.00000000-59.09999847[ 2
957 1[0.00000000-59.09999847[ 2
958 1[0.00000000-59.09999847[ 2
959 1[0.00000000-59.09999847[ 2
960 1[0.00000000-59.09999847[ 2
961 1[0.00000000-59.09999847[ 2
962 1[0.00000000-59.09999847[ 2
963 1[0.00000000-59.09999847[ 2
964 1[0.00000000-59.09999847[ 2
965 1[0.00000000-59.09999847[ 2
966 1[0.00000000-59.09999847[ 2
967 1[0.00000000-59.09999847[ 2
968 1[0.00000000-59.09999847[ 2
969 1[0.00000000-59.09999847[ 2
970 1[0.00000000-59.09999847[ 2
971 1[0.00000000-59.09999847[ 2
972 1[0.00000000-59.09999847[ 2
973 1[0.00000000-59.09999847[ 2
974 1[0.00000000-59.09999847[ 2
975 1[0.00000000-59.09999847[ 2
976 1[0.00000000-59.09999847[ 2
977 1[0.00000000-59.09999847[ 2
978 1[0.00000000-59.09999847[ 2
979 1[0.00000000-59.09999847[ 2
980 1[0.00000000-59.09999847[ 2
981 1[0.00000000-59.09999847[ 2
982 1[0.00000000-59.09999847[ 2
983 1[0.00000000-59.09999847[ 2
984 1[0.00000000-59.09999847[ 2
985 1[0.00000000-59.09999847[ 2
986 1[0.00000000-59.09999847[ 2
987 1[0.00000000-59.09999847[ 2
988 1[0.00000000-59.09999847[ 2
989 1[0.00000000-59.09999847[ 2
990 1[0.00000000-59.09999847[ 2
991 1[0.00000000-59.09999847[ 2
992 1[0.00000000-59.09999847[ 2
993 1[0.00000000-59.09999847[ 2
994 1[0.00000000-59.09999847[ 2
995 1[0.00000000-59.09999847[ 2
996 1[0.00000000-59.09999847[ 2
997 1[0.00000000-59.09999847[ 2
998 1[0.00000000-59.09999847[ 2
999 1[0.00000000-59.09999847[ 2
1000 1[0.00000000-59.09999847[ 2
1001 1[0.00000000-59.09999847[ 2
1002 1[0.00000000-59.09999847[ 2
1003 1[0.00000000-59.09999847[ 2
1004 1[0.00000000-59.09999847[ 2
1005 1[0.00000000-59.09999847[ 2
1006 1[0.00000000-59.09999847[ 2
1007 1[0.00000000-59.09999847[ 2
1008 1[0.00000000-59.09999847[ 2
1009 1[0.00000000-59.09999847[ 2
1010 1[0.00000000-59.09999847[ 2
1011 1[0.00000000-59.09999847[ 2
1012 1[0.00000000-59.09999847[ 2
1013 1[0.00000000-59.09999847[ 2
1014 1[0.00000000-59.09999847[ 2
1015 1[0.00000000-59.09999847[ 2
1016 1[0.00000000-59.09999847[ 2
1017 1[0.00000000-59.09999847[ 2
1018 1[0.00000000-59.09999847[ 2
1019 1[0.00000000-59.09999847[ 2
1020 1[0.00000000-59.09999847[ 2
1021 1[0.00000000-59.09999847[ 2
1022 1[0.00000000-59.09999847[ 2
1023 1[0.00000000-59.09999847[ 2
1024 1[0.00000000-59.09999847[ 2
1025 1[0.00000000-59.09999847[ 2
1026 1[0.00000000-59.09999847[ 2
1027 1[0.00000000-59.09999847[ 2
1028 1[0.00000000-59.09999847[ 2
1029 1[0.00000000-59.09999847[ 2
1030 1[0.00000000-59.09999847[ 2
1031 1[0.00000000-59.09999847[ 2
1032 1[135.19999695-135.69999695[ 2
1033 1[226.10000610-228.10000610[ 2
1034 1[204.89999390-206.19999695[ 2
1035 1[128.10000610-128.30000305[ 2
1036 1[128.30000305-129.19999695[ 2
1037 1[159.80000305-160.19999695[ 2
1038 1[0.00000000-59.09999847[ 2
1039 1[151.39999390-151.69999695[ 2
1040 1[138.60000610-140.19999695[ 2
1041 1[157.50000000-158.19999695[ 2
1042 1[0.00000000-59.09999847[ 2
1043 1[99.90000153-101.19999695[ 2
1044 1[151.80000305-152.10000610[ 2
1045 1[175.00000000-175.80000305[ 2
1046 1[116.69999695-117.40000153[ 2
1047 1[128.30000305-129.19999695[ 2
1048 1[199.19999695-200.19999695[ 2
1049 1[183.50000000-183.60000610[ 2
1050 1[186.50000000-187.19999695[ 2
1051 1[119.40000153-119.90000153[ 2
1052 1[168.19999695-168.50000000[ 2
1053 1[212.00000000-212.89999390[ 2
1054 1[173.89999390-174.00000000[ 2
1055 1[116.19999695-116.69999695[ 2
1056 1[177.69999695-178.00000000[ 2
1057 1[197.19999695-197.30000305[ 2
1058 1[163.00000000-163.30000305[ 2
1059 1[128.30000305-129.19999695[ 2
1060 1[125.19999695-125.80000305[ 2
1061 1[222.19999695-222.89999390[ 2
1062 1[194.30000305-194.80000305[ 2
1063 1[162.10000610-163.00000000[ 2
1064 1[165.10000610-165.50000000[ 2
1065 1[167.39999390-168.10000610[ 2
1066 1[130.39999390-130.60000610[ 2
1067 1[194.30000305-194.80000305[ 2
1068 1[147.60000610-148.30000305[ 2
1069 1[0.00000000-59.09999847[ 2
1070 1[0.00000000-59.09999847[ 2
1071 1[0.00000000-59.09999847[ 2
1072 1[212.89999390-213.50000000[ 2
1073 1[232.10000610-232.39999390[ 2
1074 1[127.09999847-127.50000000[ 2
1075 1[0.00000000-59.09999847[ 2
1076 1[0.00000000-59.09999847[ 2
1077 1[0.00000000-59.09999847[ 2
1078 1[0.00000000-59.09999847[ 2
1079 1[228.50000000-229.19999695[ 2
1080 1[155.69999695-156.10000610[ 2
1081 1[153.10000610-153.50000000[ 2
1082 1[150.89999390-151.10000610[ 2
1083 1[126.40000153-127.09999847[ 2
1084 1[233.69999695-234.10000610[ 2
1085 1[218.30000305-218.89999390[ 2
1086 1[141.19999695-141.50000000[ 2
1087 1[138.60000610-140.19999695[ 2
1088 1[137.30000305-137.89999390[ 2
1089 1[219.39999390-219.80000305[ 2
1090 1[147.60000610-148.30000305[ 2
1091 1[191.10000610-191.39999390[ 2
1092 1[174.39999390-175.00000000[ 2
1093 1[132.80000305-133.69999695[ 2
1094 1[106.09999847-106.69999695[ 2
1095 1[233.69999695-234.10000610[ 2
1096 1[148.80000305-149.89999390[ 2
1097 1[173.39999390-173.69999695[ 2
1098 1[204.89999390-206.19999695[ 2
1099 1[0.00000000-59.09999847[ 2
1100 1[0.00000000-59.09999847[ 2
1101 1[0.00000000-59.09999847[ 2
1102 1[0.00000000-59.09999847[ 2
1103 1[0.00000000-59.09999847[ 2
1104 1[0.00000000-59.09999847[ 2
1105 1[0.00000000-59.09999847[ 2
1106 1[0.00000000-59.09999847[ 2
1107 1[0.00000000-59.09999847[ 2
1108 1[0.00000000-59.09999847[ 2
1109 1[0.00000000-59.09999847[ 2
1110 1[0.00000000-59.09999847[ 2
1111 1[0.00000000-59.09999847[ 2
1112 1[0.00000000-59.09999847[ 2
1113 1[0.00000000-59.09999847[ 2
1114 1[0.00000000-59.09999847[ 2
1115 1[0.00000000-59.09999847[ 2
1116 1[0.00000000-59.09999847[ 2
1117 1[0.00000000-59.09999847[ 2
1118 1[0.00000000-59.09999847[ 2
1119 1[0.00000000-59.09999847[ 2
1120 1[0.00000000-59.09999847[ 2
1121 1[0.00000000-59.09999847[ 2
1122 1[0.00000000-59.09999847[ 2
1123 1[0.00000000-59.09999847[ 2
1124 1[0.00000000-59.09999847[ 2
1125 1[0.00000000-59.09999847[ 2
1126 1[0.00000000-59.09999847[ 2
1127 1[0.00000000-59.09999847[ 2
1128 1[0.00000000-59.09999847[ 2
1129 1[0.00000000-59.09999847[ 2
1130 1[0.00000000-59.09999847[ 2
1131 1[0.00000000-59.09999847[ 2
1132 1[0.00000000-59.09999847[ 2
1133 1[0.00000000-59.09999847[ 2
1134 1[0.00000000-59.09999847[ 2
1135 1[0.00000000-59.09999847[ 2
1136 1[0.00000000-59.09999847[ 2
1137 1[204.30000305-204.60000610[ 2
1138 1[164.69999695-164.89999390[ 2
1139 1[162.10000610-163.00000000[ 2
1140 1[151.80000305-152.10000610[ 2
1141 1[141.00000000-141.19999695[ 2
1142 1[109.50000000-110.69999695[ 2
1143 1[190.60000610-191.10000610[ 2
1144 1[230.10000610-232.10000610[ 2
1145 1[155.69999695-156.10000610[ 2
1146 1[163.69999695-164.30000305[ 2
1147 1[204.89999390-206.19999695[ 2
1148 1[152.50000000-152.80000305[ 2
1149 1[204.89999390-206.19999695[ 2
1150 1[186.30000305-186.50000000[ 2
1151 1[167.39999390-168.10000610[ 2
1152 1[138.60000610-140.19999695[ 2
1153 1[155.00000000-155.30000305[ 2
1154 1[114.69999695-115.69999695[ 2
1155 1[147.60000610-148.30000305[ 2
1156 1[172.10000610-172.50000000[ 2
1157 1[145.60000610-146.10000610[ 2
1158 1[170.30000305-171.19999695[ 2
1159 1[129.19999695-129.80000305[ 2
1160 1[238.60000610-239.30000305[ 2
1161 1[164.69999695-164.89999390[ 2
1162 1[152.50000000-152.80000305[ 2
1163 1[136.60000610-137.10000610[ 2
1164 1[148.50000000-148.80000305[ 2
1165 1[157.50000000-158.19999695[ 2
1166 1[112.90000153-113.09999847[ 2
1167 1[150.39999390-150.89999390[ 2
1168 1[155.30000305-155.69999695[ 2
1169 1[0.00000000-59.09999847[ 2
1170 1[0.00000000-59.09999847[ 2
1171 1[0.00000000-59.09999847[ 2
1172 1[0.00000000-59.09999847[ 2
1173 1[176.60000610-177.00000000[ 2
1174 1[101.19999695-102.00000000[ 2
1175 1[126.30000305-126.40000153[ 2
1176 1[165.50000000-165.69999695[ 2
1177 1[91.09999847-91.90000153[ 2
1178 1[109.00000000-109.50000000[ 2
1179 1[191.50000000-192.00000000[ 2
1180 1[182.60000610-182.80000305[ 2
1181 1[145.19999695-145.60000610[ 2
1182 1[156.10000610-156.50000000[ 2
1183 1[190.60000610-191.10000610[ 2
1184 1[189.10000610-189.60000610[ 2
1185 1[201.69999695-202.10000610[ 2
1186 1[138.60000610-140.19999695[ 2
1187 1[145.19999695-145.60000610[ 2
1188 1[148.80000305-149.89999390[ 2
1189 1[148.80000305-149.89999390[ 2
1190 1[147.60000610-148.30000305[ 2
1191 1[151.80000305-152.10000610[ 2
1192 1[67.40000153-71.00000000[ 2
1193 1[176.60000610-177.00000000[ 2
1194 1[161.30000305-162.10000610[ 2
1195 1[181.00000000-181.39999390[ 2
1196 1[152.80000305-152.89999390[ 2
1197 1[163.69999695-164.30000305[ 2
1198 1[208.10000610-208.60000610[ 2
1199 1[166.50000000-166.69999695[ 2
1200 1[186.30000305-186.50000000[ 2
1201 1[163.69999695-164.30000305[ 2
1202 1[127.09999847-127.50000000[ 2
1203 1[189.10000610-189.60000610[ 2
1204 1[202.30000305-203.69999695[ 2
1205 1[143.60000610-144.00000000[ 2
1206 1[165.69999695-166.00000000[ 2
1207 1[109.50000000-110.69999695[ 2
1208 1[190.10000610-190.60000610[ 2
1209 1[258.20001221-260.29998779[ 2
1210 1[195.19999695-196.10000610[ 2
1211 1[194.80000305-195.10000610[ 2
1212 1[146.69999695-147.10000610[ 2
1213 1[148.80000305-149.89999390[ 2
1214 1[91.90000153-93.69999695[ 2
1215 1[148.80000305-149.89999390[ 2
1216 1[0.00000000-59.09999847[ 2
1217 1[164.89999390-165.10000610[ 2
1218 1[143.60000610-144.00000000[ 2
1219 1[119.40000153-119.90000153[ 2
1220 1[163.00000000-163.30000305[ 2
1221 1[204.60000610-204.89999390[ 2
1222 1[165.10000610-165.50000000[ 2
1223 1[138.19999695-138.60000610[ 2
1224 1[161.30000305-162.10000610[ 2
1225 1[195.19999695-196.10000610[ 2
1226 1[0.00000000-59.09999847[ 3
1227 1[0.00000000-59.09999847[ 3
1228 1[0.00000000-59.09999847[ 3
1229 1[0.00000000-59.09999847[ 3
1230 1[0.00000000-59.09999847[ 3
1231 1[0.00000000-59.09999847[ 3
1232 1[0.00000000-59.09999847[ 3
1233 1[0.00000000-59.09999847[ 3
1234 1[0.00000000-59.09999847[ 3
1235 1[0.00000000-59.09999847[ 3
1236 1[0.00000000-59.09999847[ 3
1237 1[0.00000000-59.09999847[ 3
1238 1[0.00000000-59.09999847[ 3
1239 1[0.00000000-59.09999847[ 3
1240 1[0.00000000-59.09999847[ 3
1241 1[0.00000000-59.09999847[ 3
1242 1[0.00000000-59.09999847[ 3
1243 1[0.00000000-59.09999847[ 3
1244 1[0.00000000-59.09999847[ 3
1245 1[0.00000000-59.09999847[ 3
1246 1[0.00000000-59.09999847[ 3
1247 1[0.00000000-59.09999847[ 3
1248 1[0.00000000-59.09999847[ 3
1249 1[0.00000000-59.09999847[ 3
1250 1[0.00000000-59.09999847[ 3
1251 1[0.00000000-59.09999847[ 3
1252 1[0.00000000-59.09999847[ 3
1253 1[0.00000000-59.09999847[ 3
1254 1[0.00000000-59.09999847[ 3
1255 1[0.00000000-59.09999847[ 3
1256 1[0.00000000-59.09999847[ 3
1257 1[0.00000000-59.09999847[ 3
1258 1[0.00000000-59.09999847[ 3
1259 1[0.00000000-59.09999847[ 3
1260 1[0.00000000-59.09999847[ 3
1261 1[0.00000000-59.09999847[ 3
1262 1[0.00000000-59.09999847[ 3
1263 1[0.00000000-59.09999847[ 3
1264 1[0.00000000-59.09999847[ 3
1265 1[0.00000000-59.09999847[ 3
1266 1[0.00000000-59.09999847[ 3
1267 1[0.00000000-59.09999847[ 3
1268 1[0.00000000-59.09999847[ 3
1269 1[0.00000000-59.09999847[ 3
1270 1[0.00000000-59.09999847[ 3
1271 1[0.00000000-59.09999847[ 3
1272 1[0.00000000-59.09999847[ 3
1273 1[0.00000000-59.09999847[ 3
1274 1[0.00000000-59.09999847[ 3
1275 1[0.00000000-59.09999847[ 3
1276 1[0.00000000-59.09999847[ 3
1277 1[0.00000000-59.09999847[ 3
1278 1[0.00000000-59.09999847[ 3
1279 1[0.00000000-59.09999847[ 3
1280 1[0.00000000-59.09999847[ 3
1281 1[0.00000000-59.09999847[ 3
1282 1[0.00000000-59.09999847[ 3
1283 1[0.00000000-59.09999847[ 3
1284 1[0.00000000-59.09999847[ 3
1285 1[0.00000000-59.09999847[ 3
1286 1[0.00000000-59.09999847[ 3
1287 1[0.00000000-59.09999847[ 3
1288 1[0.00000000-59.09999847[ 3
1289 1[0.00000000-59.09999847[ 3
1290 1[0.00000000-59.09999847[ 3
1291 1[0.00000000-59.09999847[ 3
1292 1[0.00000000-59.09999847[ 3
1293 1[0.00000000-59.09999847[ 3
1294 1[0.00000000-59.09999847[ 3
1295 1[0.00000000-59.09999847[ 3
1296 1[0.00000000-59.09999847[ 3
1297 1[0.00000000-59.09999847[ 3
1298 1[0.00000000-59.09999847[ 3
1299 1[0.00000000-59.09999847[ 3
1300 1[0.00000000-59.09999847[ 3
1301 1[0.00000000-59.09999847[ 3
1302 1[0.00000000-59.09999847[ 3
1303 1[0.00000000-59.09999847[ 3
1304 1[0.00000000-59.09999847[ 3
1305 1[0.00000000-59.09999847[ 3
1306 1[0.00000000-59.09999847[ 3
1307 1[0.00000000-59.09999847[ 3
1308 1[0.00000000-59.09999847[ 3
1309 1[0.00000000-59.09999847[ 3
1310 1[0.00000000-59.09999847[ 3
1311 1[0.00000000-59.09999847[ 3
1312 1[0.00000000-59.09999847[ 3
1313 1[0.00000000-59.09999847[ 3
1314 1[0.00000000-59.09999847[ 3
1315 1[0.00000000-59.09999847[ 3
1316 1[0.00000000-59.09999847[ 3
1317 1[0.00000000-59.09999847[ 3
1318 1[0.00000000-59.09999847[ 3
1319 1[0.00000000-59.09999847[ 3
1320 1[0.00000000-59.09999847[ 3
1321 1[0.00000000-59.09999847[ 3
1322 1[0.00000000-59.09999847[ 3
1323 1[0.00000000-59.09999847[ 3
1324 1[0.00000000-59.09999847[ 3
1325 1[0.00000000-59.09999847[ 3
1326 1[0.00000000-59.09999847[ 3
1327 1[0.00000000-59.09999847[ 3
1328 1[0.00000000-59.09999847[ 3
1329 1[0.00000000-59.09999847[ 3
1330 1[0.00000000-59.09999847[ 3
1331 1[0.00000000-59.09999847[ 3
1332 1[244.19999695-246.89999390[ 3
1333 1[166.69999695-166.80000305[ 3
1334 1[144.89999390-145.19999695[ 3
1335 1[112.90000153-113.09999847[ 3
1336 1[237.39999390-238.60000610[ 3
1337 1[193.60000610-193.89999390[ 3
1338 1[255.69999695-258.20001221[ 3
1339 1[264.70001221-285.01000977[ 3
1340 1[229.19999695-230.10000610[ 3
1341 1[246.89999390-249.30000305[ 3
1342 1[211.19999695-211.39999390[ 3
1343 1[140.19999695-141.00000000[ 3
1344 1[176.30000305-176.60000610[ 3
1345 1[135.69999695-135.80000305[ 3
1346 1[234.10000610-236.30000305[ 3
1347 1[250.00000000-252.89999390[ 3
1348 1[246.89999390-249.30000305[ 3
1349 1[264.70001221-285.01000977[ 3
1350 1[226.10000610-228.10000610[ 3
1351 1[215.30000305-215.50000000[ 3
1352 1[219.80000305-221.19999695[ 3
1353 1[202.30000305-203.69999695[ 3
1354 1[152.80000305-152.89999390[ 3
1355 1[223.19999695-224.69999695[ 3
1356 1[206.19999695-207.30000305[ 3
1357 1[223.19999695-224.69999695[ 3
1358 1[223.19999695-224.69999695[ 3
1359 1[213.89999390-214.50000000[ 3
1360 1[241.19999695-243.30000305[ 3
1361 1[228.50000000-229.19999695[ 3
1362 1[233.00000000-233.69999695[ 3
1363 1[221.69999695-222.19999695[ 3
1364 1[160.19999695-160.80000305[ 3
1365 1[197.00000000-197.19999695[ 3
1366 1[212.89999390-213.50000000[ 3
1367 1[157.50000000-158.19999695[ 3
1368 1[163.00000000-163.30000305[ 3
1369 1[226.10000610-228.10000610[ 3
1370 1[146.10000610-146.69999695[ 3
1371 1[188.89999390-189.10000610[ 3
1372 1[260.29998779-264.70001221[ 3
1373 1[194.10000610-194.30000305[ 3
1374 1[264.70001221-285.01000977[ 3
1375 1[234.10000610-236.30000305[ 3
1376 1[221.19999695-221.69999695[ 3
1377 1[192.60000610-193.60000610[ 3
1378 1[250.00000000-252.89999390[ 3
1379 1[117.40000153-117.90000153[ 3
1380 1[210.69999695-211.19999695[ 3
1381 1[142.89999390-143.10000610[ 3
1382 1[244.19999695-246.89999390[ 3
1383 1[219.80000305-221.19999695[ 3
1384 1[246.89999390-249.30000305[ 3
1385 1[221.19999695-221.69999695[ 3
1386 1[250.00000000-252.89999390[ 3
1387 1[260.29998779-264.70001221[ 3
1388 1[215.80000305-216.00000000[ 3
1389 1[210.69999695-211.19999695[ 3
1390 1[159.00000000-159.30000305[ 3
1391 1[204.89999390-206.19999695[ 3
1392 1[180.50000000-181.00000000[ 3
1393 1[124.00000000-124.59999847[ 3
1394 1[219.19999695-219.39999390[ 3
1395 1[217.00000000-217.39999390[ 3
1396 1[201.69999695-202.10000610[ 3
1397 1[260.29998779-264.70001221[ 3
1398 1[244.19999695-246.89999390[ 3
1399 1[217.39999390-218.30000305[ 3
1400 1[159.30000305-159.60000610[ 3
1401 1[233.00000000-233.69999695[ 3
1402 1[211.50000000-211.69999695[ 3
1403 1[135.19999695-135.69999695[ 3
1404 1[164.39999390-164.69999695[ 3
1405 1[246.89999390-249.30000305[ 3
1406 1[201.60000610-201.69999695[ 3
1407 1[203.69999695-204.00000000[ 3
1408 1[234.10000610-236.30000305[ 3
1409 1[196.10000610-196.60000610[ 3
1410 1[264.70001221-285.01000977[ 3
1411 1[246.89999390-249.30000305[ 3
1412 1[207.60000610-208.10000610[ 3
1413 1[237.39999390-238.60000610[ 3
1414 1[142.60000610-142.89999390[ 3
1415 1[168.50000000-169.10000610[ 3
1416 1[200.19999695-200.80000305[ 3
1417 1[223.19999695-224.69999695[ 3
1418 1[212.89999390-213.50000000[ 3
1419 1[237.39999390-238.60000610[ 3
1420 1[216.00000000-217.00000000[ 3
1421 1[239.30000305-241.19999695[ 3
1422 1[232.10000610-232.39999390[ 3
1423 1[252.89999390-255.69999695[ 3
1424 1[202.30000305-203.69999695[ 3
1425 1[244.19999695-246.89999390[ 3
1426 1[193.89999390-194.10000610[ 3
1427 1[207.60000610-208.10000610[ 3
1428 1[173.89999390-174.00000000[ 3
1429 1[187.19999695-187.39999390[ 3
1430 1[217.39999390-218.30000305[ 3
1431 1[199.19999695-200.19999695[ 3
1432 1[185.10000610-185.60000610[ 3
1433 1[192.00000000-192.10000610[ 3
1434 1[0.00000000-59.09999847[ 3
1435 1[166.19999695-166.50000000[ 3
1436 1[104.50000000-104.90000153[ 3
1437 1[192.10000610-192.50000000[ 3
1438 1[150.89999390-151.10000610[ 3
1439 1[85.50000000-87.69999695[ 3
1440 1[115.69999695-115.80000305[ 3
1441 1[149.89999390-150.10000610[ 3
1442 1[203.69999695-204.00000000[ 3
1443 1[156.10000610-156.50000000[ 3
1444 1[208.60000610-209.10000610[ 3
1445 1[168.10000610-168.19999695[ 3
1446 1[239.30000305-241.19999695[ 3
1447 1[184.50000000-184.60000610[ 3
1448 1[93.69999695-94.50000000[ 3
1449 1[179.60000610-180.39999390[ 3
1450 1[165.69999695-166.00000000[ 3
1451 1[178.80000305-179.10000610[ 3
1452 1[126.30000305-126.40000153[ 3
1453 1[152.89999390-153.10000610[ 3
1454 1[145.60000610-146.10000610[ 3
1455 1[109.00000000-109.50000000[ 3
1456 1[264.70001221-285.01000977[ 3
1457 1[180.50000000-181.00000000[ 3
1458 1[225.00000000-226.10000610[ 3
1459 1[179.60000610-180.39999390[ 3
1460 1[168.50000000-169.10000610[ 3
1461 1[206.19999695-207.30000305[ 3
1462 1[152.39999390-152.50000000[ 3
1463 1[169.60000610-169.89999390[ 3
1464 1[204.60000610-204.89999390[ 3
1465 1[140.19999695-141.00000000[ 3
1466 1[238.60000610-239.30000305[ 3
1467 1[219.80000305-221.19999695[ 3
1468 1[169.50000000-169.60000610[ 3
1469 1[244.19999695-246.89999390[ 3
1470 1[237.19999695-237.39999390[ 3
1471 1[212.00000000-212.89999390[ 3
1472 1[184.60000610-184.80000305[ 3
1473 1[199.19999695-200.19999695[ 3
1474 1[136.30000305-136.60000610[ 3
1475 1[157.50000000-158.19999695[ 3
1476 1[181.39999390-181.69999695[ 3
1477 1[192.60000610-193.60000610[ 3
1478 1[199.19999695-200.19999695[ 3
1479 1[172.10000610-172.50000000[ 3
1480 1[153.10000610-153.50000000[ 3
1481 1[197.89999390-198.69999695[ 3
1482 1[252.89999390-255.69999695[ 3
1483 1[127.09999847-127.50000000[ 3
1484 1[166.50000000-166.69999695[ 3
1485 1[204.89999390-206.19999695[ 3
1486 1[129.19999695-129.80000305[ 3
1487 1[243.30000305-244.19999695[ 3
1488 1[246.89999390-249.30000305[ 3
1489 1[212.00000000-212.89999390[ 3
1490 1[182.80000305-183.50000000[ 3
1491 1[197.89999390-198.69999695[ 3
1492 1[209.10000610-209.60000610[ 3
1493 1[210.10000610-210.69999695[ 3
1494 1[189.80000305-190.10000610[ 3
1495 1[211.39999390-211.50000000[ 3
1496 1[252.89999390-255.69999695[ 3
1497 1[212.00000000-212.89999390[ 3
1498 1[166.00000000-166.19999695[ 3
1499 1[213.89999390-214.50000000[ 3
1500 1[137.30000305-137.89999390[ 3
1501 1[192.60000610-193.60000610[ 3
1502 1[244.19999695-246.89999390[ 3
1503 1[160.80000305-161.10000610[ 3
1504 1[219.80000305-221.19999695[ 3
1505 1[200.19999695-200.80000305[ 3
1506 1[161.30000305-162.10000610[ 3
1507 1[214.50000000-214.80000305[ 3
1508 1[244.19999695-246.89999390[ 3
1509 1[178.00000000-178.30000305[ 3
1510 1[106.69999695-107.30000305[ 3
1511 1[183.60000610-184.30000305[ 3
1512 1[161.30000305-162.10000610[ 3
1513 1[252.89999390-255.69999695[ 3
1514 1[188.50000000-188.89999390[ 3
1515 1[137.89999390-138.19999695[ 3
1516 1[196.10000610-196.60000610[ 3
1517 1[0.00000000-59.09999847[ 3
1518 1[0.00000000-59.09999847[ 3
1519 1[0.00000000-59.09999847[ 3
1520 1[0.00000000-59.09999847[ 3
1521 1[0.00000000-59.09999847[ 3
1522 1[0.00000000-59.09999847[ 3
1523 1[0.00000000-59.09999847[ 3
1524 1[0.00000000-59.09999847[ 3
1525 1[0.00000000-59.09999847[ 3
1526 1[0.00000000-59.09999847[ 3
1527 1[0.00000000-59.09999847[ 3
1528 1[0.00000000-59.09999847[ 3
1529 1[0.00000000-59.09999847[ 3
1530 1[0.00000000-59.09999847[ 3
1531 1[0.00000000-59.09999847[ 3
1532 1[0.00000000-59.09999847[ 3
1533 1[0.00000000-59.09999847[ 3
1534 1[0.00000000-59.09999847[ 3
1535 1[0.00000000-59.09999847[ 3
1536 1[0.00000000-59.09999847[ 3
1537 1[0.00000000-59.09999847[ 3
1538 1[0.00000000-59.09999847[ 3
1539 1[0.00000000-59.09999847[ 3
1540 1[0.00000000-59.09999847[ 3
1541 1[0.00000000-59.09999847[ 3
1542 1[0.00000000-59.09999847[ 3
1543 1[0.00000000-59.09999847[ 3
1544 1[0.00000000-59.09999847[ 3
1545 1[0.00000000-59.09999847[ 3
1546 1[0.00000000-59.09999847[ 3
1547 1[0.00000000-59.09999847[ 3
1548 1[0.00000000-59.09999847[ 3
1549 1[0.00000000-59.09999847[ 3
1550 1[0.00000000-59.09999847[ 3
1551 1[0.00000000-59.09999847[ 3
1552 1[0.00000000-59.09999847[ 3
1553 1[0.00000000-59.09999847[ 3
1554 1[0.00000000-59.09999847[ 3
1555 1[0.00000000-59.09999847[ 3
1556 1[0.00000000-59.09999847[ 3
1557 1[0.00000000-59.09999847[ 3
1558 1[0.00000000-59.09999847[ 3
1559 1[0.00000000-59.09999847[ 3
1560 1[0.00000000-59.09999847[ 3
1561 1[0.00000000-59.09999847[ 3
1562 1[0.00000000-59.09999847[ 3
1563 1[0.00000000-59.09999847[ 3
1564 1[0.00000000-59.09999847[ 3
1565 1[0.00000000-59.09999847[ 3
1566 1[0.00000000-59.09999847[ 3
1567 1[0.00000000-59.09999847[ 3
1568 1[0.00000000-59.09999847[ 3
1569 1[0.00000000-59.09999847[ 3
1570 1[0.00000000-59.09999847[ 3
1571 1[0.00000000-59.09999847[ 3
1572 1[0.00000000-59.09999847[ 3
1573 1[0.00000000-59.09999847[ 3
1574 1[0.00000000-59.09999847[ 3
1575 1[0.00000000-59.09999847[ 3
1576 1[0.00000000-59.09999847[ 3
1577 1[0.00000000-59.09999847[ 3
1578 1[0.00000000-59.09999847[ 3
1579 1[0.00000000-59.09999847[ 3
1580 1[0.00000000-59.09999847[ 3
1581 1[0.00000000-59.09999847[ 3
1582 1[0.00000000-59.09999847[ 3
1583 1[0.00000000-59.09999847[ 3
1584 1[0.00000000-59.09999847[ 3
1585 1[0.00000000-59.09999847[ 3
1586 1[0.00000000-59.09999847[ 3
1587 1[0.00000000-59.09999847[ 3
1588 1[0.00000000-59.09999847[ 3
1589 1[0.00000000-59.09999847[ 3
1590 1[0.00000000-59.09999847[ 3
1591 1[0.00000000-59.09999847[ 3
1592 1[0.00000000-59.09999847[ 3
1593 1[0.00000000-59.09999847[ 3
1594 1[0.00000000-59.09999847[ 3
1595 1[0.00000000-59.09999847[ 3
1596 1[0.00000000-59.09999847[ 3
1597 1[0.00000000-59.09999847[ 3
1598 1[0.00000000-59.09999847[ 3
1599 1[0.00000000-59.09999847[ 3
1600 1[0.00000000-59.09999847[ 3
1601 1[0.00000000-59.09999847[ 3
1602 1[0.00000000-59.09999847[ 3
1603 1[0.00000000-59.09999847[ 3
1604 1[0.00000000-59.09999847[ 3
1605 1[0.00000000-59.09999847[ 3
1606 1[0.00000000-59.09999847[ 3
1607 1[0.00000000-59.09999847[ 3
1608 1[0.00000000-59.09999847[ 3
1609 1[0.00000000-59.09999847[ 3
1610 1[0.00000000-59.09999847[ 3
1611 1[0.00000000-59.09999847[ 3
1612 1[0.00000000-59.09999847[ 3
1613 1[0.00000000-59.09999847[ 3
1614 1[0.00000000-59.09999847[ 3
1615 1[0.00000000-59.09999847[ 3
1616 1[0.00000000-59.09999847[ 3
1617 1[0.00000000-59.09999847[ 3
1618 1[126.40000153-127.09999847[ 3
1619 1[172.10000610-172.50000000[ 3
1620 1[144.89999390-145.19999695[ 3
1621 1[191.39999390-191.50000000[ 3
1622 1[234.10000610-236.30000305[ 3
1623 1[217.39999390-218.30000305[ 3
1624 1[221.69999695-222.19999695[ 3
1625 1[230.10000610-232.10000610[ 3
1626 1[244.19999695-246.89999390[ 3
1627 1[157.50000000-158.19999695[ 3
1628 1[172.89999390-173.39999390[ 3
1629 1[178.00000000-178.30000305[ 3
1630 1[153.80000305-153.89999390[ 3
1631 1[101.19999695-102.00000000[ 3
1632 1[179.60000610-180.39999390[ 3
1633 1[216.00000000-217.00000000[ 3
1634 1[219.80000305-221.19999695[ 3
1635 1[188.30000305-188.50000000[ 3
1636 1[179.30000305-179.60000610[ 3
1637 1[237.39999390-238.60000610[ 3
1638 1[239.30000305-241.19999695[ 3
1639 1[191.50000000-192.00000000[ 3
1640 1[181.39999390-181.69999695[ 3
1641 1[141.19999695-141.50000000[ 3
1642 1[204.89999390-206.19999695[ 3
1643 1[211.69999695-212.00000000[ 3
1644 1[127.09999847-127.50000000[ 3
1645 1[196.60000610-197.00000000[ 3
1646 1[212.00000000-212.89999390[ 3
1647 1[125.19999695-125.80000305[ 3
1648 1[206.19999695-207.30000305[ 3
1649 1[246.89999390-249.30000305[ 3
1650 1[174.39999390-175.00000000[ 3
1651 1[151.80000305-152.10000610[ 3
1652 1[155.00000000-155.30000305[ 3
1653 1[212.89999390-213.50000000[ 3
1654 1[172.50000000-172.89999390[ 3
1655 1[109.00000000-109.50000000[ 3
1656 1[0.00000000-59.09999847[ 3
1657 1[157.50000000-158.19999695[ 3
1658 1[0.00000000-59.09999847[ 3
1659 1[0.00000000-59.09999847[ 3
1660 1[177.50000000-177.69999695[ 3
1661 1[192.00000000-192.10000610[ 3
1662 1[0.00000000-59.09999847[ 3
1663 1[142.30000305-142.60000610[ 3
1664 1[108.19999695-109.00000000[ 3
1665 1[142.60000610-142.89999390[ 3
1666 1[0.00000000-59.09999847[ 3
1667 1[0.00000000-59.09999847[ 3
1668 1[144.00000000-144.89999390[ 3
1669 1[255.69999695-258.20001221[ 3
1670 1[234.10000610-236.30000305[ 3
1671 1[216.00000000-217.00000000[ 3
1672 1[212.89999390-213.50000000[ 3
1673 1[199.19999695-200.19999695[ 3
1674 1[178.80000305-179.10000610[ 3
1675 1[224.69999695-225.00000000[ 3
1676 1[188.30000305-188.50000000[ 3
1677 1[164.30000305-164.39999390[ 3
1678 1[215.30000305-215.50000000[ 3
1679 1[159.30000305-159.60000610[ 3
1680 1[216.00000000-217.00000000[ 3
1681 1[219.39999390-219.80000305[ 3
1682 1[193.89999390-194.10000610[ 3
1683 1[188.50000000-188.89999390[ 3
1684 1[208.60000610-209.10000610[ 3
1685 1[230.10000610-232.10000610[ 3
1686 1[204.60000610-204.89999390[ 3
1687 1[218.89999390-219.19999695[ 3
1688 1[185.80000305-186.30000305[ 3
1689 1[150.10000610-150.39999390[ 3
1690 1[144.00000000-144.89999390[ 3
1691 1[127.50000000-128.10000610[ 3
1692 1[233.00000000-233.69999695[ 3
1693 1[260.29998779-264.70001221[ 3
1694 1[196.60000610-197.00000000[ 3
1695 1[233.00000000-233.69999695[ 3
1696 1[192.60000610-193.60000610[ 3
1697 1[222.19999695-222.89999390[ 3
1698 1[171.50000000-171.80000305[ 3
1699 1[222.19999695-222.89999390[ 3
1700 1[174.39999390-175.00000000[ 3
1701 1[178.00000000-178.30000305[ 3
1702 1[101.19999695-102.00000000[ 3
1703 1[207.30000305-207.60000610[ 3
1704 1[173.39999390-173.69999695[ 3
1705 1[189.10000610-189.60000610[ 3
1706 1[233.00000000-233.69999695[ 3
1707 1[224.69999695-225.00000000[ 3
1708 1[219.19999695-219.39999390[ 3
1709 1[230.10000610-232.10000610[ 3
1710 1[202.30000305-203.69999695[ 3
1711 1[197.30000305-197.89999390[ 3
1712 1[171.30000305-171.50000000[ 3
1713 1[185.80000305-186.30000305[ 3
1714 1[144.00000000-144.89999390[ 3
1715 1[173.39999390-173.69999695[ 3
1716 1[204.60000610-204.89999390[ 3
1717 1[182.80000305-183.50000000[ 3
1718 1[150.10000610-150.39999390[ 3
1719 1[187.69999695-188.30000305[ 3
1720 1[194.80000305-195.10000610[ 3
1721 1[264.70001221-285.01000977[ 3
1722 1[223.19999695-224.69999695[ 3
1723 1[141.00000000-141.19999695[ 3
1724 1[174.00000000-174.39999390[ 3
1725 1[180.39999390-180.50000000[ 3
1726 1[106.69999695-107.30000305[ 3
1727 1[214.80000305-215.10000610[ 3
1728 1[183.50000000-183.60000610[ 3
1729 1[207.60000610-208.10000610[ 3
1730 1[210.10000610-210.69999695[ 3
1731 1[187.39999390-187.69999695[ 3
1732 1[213.89999390-214.50000000[ 3
1733 1[250.00000000-252.89999390[ 3
1734 1[154.80000305-155.00000000[ 3
1735 1[163.30000305-163.69999695[ 3
1736 1[169.60000610-169.89999390[ 3
1737 1[151.80000305-152.10000610[ 3
1738 1[166.00000000-166.19999695[ 3
1739 1[137.10000610-137.19999695[ 3
1740 1[202.10000610-202.30000305[ 3
1741 1[219.80000305-221.19999695[ 3
1742 1[219.39999390-219.80000305[ 3
1743 1[222.19999695-222.89999390[ 3
1744 1[226.10000610-228.10000610[ 3
1745 1[260.29998779-264.70001221[ 3
1746 1[182.80000305-183.50000000[ 3
1747 1[200.19999695-200.80000305[ 3
1748 1[187.19999695-187.39999390[ 3
1749 1[135.80000305-136.30000305[ 3
1750 1[82.50000000-85.50000000[ 3
1751 1[166.19999695-166.50000000[ 3
1752 1[214.80000305-215.10000610[ 3
1753 1[196.10000610-196.60000610[ 3
1754 1[202.30000305-203.69999695[ 3
1755 1[229.19999695-230.10000610[ 3
1756 1[194.30000305-194.80000305[ 3
1757 1[252.89999390-255.69999695[ 3
1758 1[237.39999390-238.60000610[ 3
1759 1[189.80000305-190.10000610[ 3
1760 1[158.50000000-158.69999695[ 3
1761 1[184.80000305-185.10000610[ 3
1762 1[104.50000000-104.90000153[ 3
1763 1[138.60000610-140.19999695[ 3
1764 1[187.19999695-187.39999390[ 3
1765 1[154.60000610-154.80000305[ 3
1766 1[196.10000610-196.60000610[ 3
1767 1[183.60000610-184.30000305[ 3
1768 1[255.69999695-258.20001221[ 3
1769 1[230.10000610-232.10000610[ 3
1770 1[216.00000000-217.00000000[ 3
1771 1[159.00000000-159.30000305[ 3
1772 1[189.80000305-190.10000610[ 3
1773 1[175.80000305-176.30000305[ 3
1774 1[121.90000153-122.80000305[ 3
1775 1[134.80000305-135.19999695[ 3
1776 1[161.10000610-161.30000305[ 3
1777 1[217.39999390-218.30000305[ 3
1778 1[222.89999390-223.19999695[ 3
1779 1[174.00000000-174.39999390[ 3
1780 1[179.60000610-180.39999390[ 3
1781 1[204.30000305-204.60000610[ 3
1782 1[164.30000305-164.39999390[ 3
1783 1[0.00000000-59.09999847[ 3
1784 1[162.10000610-163.00000000[ 3
1785 1[108.19999695-109.00000000[ 3
1786 1[96.30000305-96.90000153[ 3
1787 1[178.30000305-178.80000305[ 3
1788 1[194.10000610-194.30000305[ 3
1789 1[171.80000305-172.10000610[ 3
1790 1[212.89999390-213.50000000[ 3
1791 1[230.10000610-232.10000610[ 3
1792 1[237.39999390-238.60000610[ 3
1793 1[264.70001221-285.01000977[ 3
1794 1[192.60000610-193.60000610[ 3
1795 1[202.30000305-203.69999695[ 3
1796 1[0.00000000-59.09999847[ 3
1797 1[0.00000000-59.09999847[ 3
1798 1[0.00000000-59.09999847[ 3
1799 1[0.00000000-59.09999847[ 3
1800 1[99.90000153-101.19999695[ 3
1801 1[182.80000305-183.50000000[ 3
1802 1[0.00000000-59.09999847[ 3
1803 1[181.00000000-181.39999390[ 3
1804 1[217.39999390-218.30000305[ 3
1805 1[219.39999390-219.80000305[ 3
1806 1[246.89999390-249.30000305[ 3
1807 1[0.00000000-59.09999847[ 3
1808 1[225.00000000-226.10000610[ 3
1809 1[233.00000000-233.69999695[ 3
1810 1[131.00000000-132.80000305[ 3
1811 1[209.10000610-209.60000610[ 3
1812 1[206.19999695-207.30000305[ 3
1813 1[188.50000000-188.89999390[ 3
1814 1[0.00000000-59.09999847[ 3
1815 1[148.80000305-149.89999390[ 3
1816 1[226.10000610-228.10000610[ 3
1817 1[264.70001221-285.01000977[ 3
1818 1[223.19999695-224.69999695[ 3
1819 1[222.89999390-223.19999695[ 3
1820 1[210.10000610-210.69999695[ 3
1821 1[169.50000000-169.60000610[ 3
1822 1[147.10000610-147.30000305[ 3
1823 1[141.19999695-141.50000000[ 3
1824 1[145.60000610-146.10000610[ 3
1825 1[182.80000305-183.50000000[ 3
1826 1[199.19999695-200.19999695[ 3
1827 1[0.00000000-59.09999847[ 3
1828 1[217.39999390-218.30000305[ 3
1829 1[244.19999695-246.89999390[ 3
1830 1[190.10000610-190.60000610[ 3
1831 1[179.60000610-180.39999390[ 3
1832 1[178.30000305-178.80000305[ 3
1833 1[185.60000610-185.80000305[ 3
