1 1 4
2 1 2
3 1 40
4 1 98
5 1 246
6 1 253
7 1 303
8 1 0
9 1 257
10 1 31
11 1 53
12 1 3
13 1 36
14 1 8
15 1 63
16 1 265
17 1 247
18 1 266
19 1 240
20 1 0
21 1 0
22 1 7
23 1 124
24 1 60
25 1 0
26 1 161
27 1 308
28 1 312
29 1 223
30 1 299
31 1 0
32 1 55
33 1 38
34 1 214
35 1 60
36 1 0
37 1 171
38 1 179
39 1 129
40 1 226
41 1 275
42 1 231
43 1 51
44 1 169
45 1 46
46 1 11
47 1 15
48 1 78
49 1 171
50 1 179
51 1 155
52 1 308
53 1 217
54 1 53
55 1 69
56 1 14
57 1 58
58 1 90
59 1 103
60 1 112
61 1 266
62 1 0
63 1 0
64 1 180
65 1 73
66 1 0
67 1 0
68 1 0
69 1 0
70 1 0
71 1 0
72 1 0
73 1 0
74 1 0
75 1 0
76 1 0
77 1 0
78 1 4
79 1 28
80 1 87
81 1 125
82 1 0
83 1 0
84 1 0
85 1 281
86 1 239
87 1 137
88 1 0
89 1 211
90 1 230
91 1 0
92 1 253
93 1 219
94 1 208
95 1 0
96 1 311
97 1 239
98 1 87
99 1 36
100 1 125
101 1 75
102 1 11
103 1 230
104 1 269
105 1 0
106 1 0
107 1 231
108 1 281
109 1 36
110 1 195
111 1 206
112 1 189
113 1 270
114 1 0
115 1 238
116 1 162
117 1 284
118 1 305
119 1 208
120 1 110
121 1 49
122 1 33
123 1 49
124 1 185
125 1 241
126 1 278
127 1 54
128 1 169
129 1 90
130 1 166
131 1 90
132 1 124
133 1 215
134 1 257
135 1 60
136 1 238
137 1 99
138 1 119
139 1 272
140 1 102
141 1 304
142 1 266
143 1 234
144 1 181
145 1 260
146 1 3
147 1 45
148 1 35
149 1 243
150 1 211
151 1 245
152 1 240
153 1 299
154 1 306
155 1 166
156 1 131
157 1 21
158 1 97
159 1 133
160 1 20
161 1 198
162 1 80
163 1 252
164 1 204
165 1 157
166 1 56
167 1 163
168 1 145
169 1 26
170 1 53
171 1 193
172 1 136
173 1 133
174 1 253
175 1 158
176 1 310
177 1 263
178 1 172
179 1 131
180 1 13
181 1 38
182 1 53
183 1 28
184 1 75
185 1 113
186 1 178
187 1 184
188 1 195
189 1 242
190 1 94
191 1 208
192 1 56
193 1 87
194 1 0
195 1 24
196 1 0
197 1 0
198 1 0
199 1 0
200 1 0
201 1 223
202 1 0
203 1 101
204 1 0
205 1 7
206 1 0
207 1 0
208 1 60
209 1 0
210 1 0
211 1 0
212 1 0
213 1 0
214 1 0
215 1 0
216 1 0
217 1 0
218 1 0
219 1 0
220 1 43
221 1 0
222 1 0
223 1 0
224 1 0
225 1 0
226 1 34
227 1 0
228 1 44
229 1 0
230 1 7
231 1 73
232 1 2
233 1 145
234 1 151
235 1 34
236 1 231
237 1 91
238 1 130
239 1 60
240 1 38
241 1 0
242 1 14
243 1 14
244 1 28
245 1 16
246 1 27
247 1 67
248 1 0
249 1 209
250 1 7
251 1 30
252 1 118
253 1 3
254 1 212
255 1 206
256 1 115
257 1 62
258 1 218
259 1 247
260 1 256
261 1 79
262 1 162
263 1 238
264 1 60
265 1 13
266 1 105
267 1 3
268 1 25
269 1 122
270 1 111
271 1 289
272 1 202
273 1 128
274 1 103
275 1 142
276 1 82
277 1 0
278 1 0
279 1 0
280 1 116
281 1 0
282 1 0
283 1 0
284 1 0
285 1 239
286 1 0
287 1 31
288 1 18
289 1 16
290 1 22
291 1 0
292 1 108
293 1 2
294 1 16
295 1 85
296 1 0
297 1 0
298 1 0
299 1 10
300 1 22
301 1 43
302 1 0
303 1 0
304 1 3
305 1 121
306 1 199
307 1 85
308 1 209
309 1 205
310 1 3
311 1 90
312 1 42
313 1 18
314 1 0
315 1 0
316 1 0
317 1 0
318 1 57
319 1 140
320 1 55
321 1 40
322 1 1
323 1 13
324 1 39
325 1 11
326 1 1
327 1 0
328 1 0
329 1 7
330 1 131
331 1 40
332 1 129
333 1 135
334 1 15
335 1 15
336 1 16
337 1 3
338 1 0
339 1 0
340 1 3
341 1 13
342 1 60
343 1 203
344 1 144
345 1 133
346 1 14
347 1 13
348 1 3
349 1 4
350 1 1
351 1 0
352 1 0
353 1 30
354 1 71
355 1 35
356 1 11
357 1 0
358 1 3
359 1 137
360 1 191
361 1 7
362 1 0
363 1 47
364 1 1
365 1 2
366 1 3
367 1 14
368 1 128
369 1 266
370 1 184
371 1 90
372 1 63
373 1 49
374 1 43
375 1 11
376 1 65
377 1 123
378 1 79
379 1 0
380 1 233
381 1 295
382 1 96
383 1 53
384 1 68
385 1 25
386 1 31
387 1 37
388 1 12
389 1 153
390 1 0
391 1 227
392 1 261
393 1 295
394 1 42
395 1 152
396 1 43
397 1 12
398 1 1
399 1 11
400 1 51
401 1 60
402 1 35
403 1 162
404 1 237
405 1 284
406 1 186
407 1 175
408 1 53
409 1 113
410 1 76
411 1 0
412 1 2
413 1 6
414 1 7
415 1 216
416 1 271
417 1 189
418 1 93
419 1 53
420 1 126
421 1 15
422 1 4
423 1 14
424 1 39
425 1 98
426 1 153
427 1 0
428 1 277
429 1 307
430 1 254
431 1 161
432 1 99
433 1 84
434 1 46
435 1 0
436 1 0
437 1 0
438 1 0
439 1 0
440 1 0
441 1 0
442 1 0
443 1 0
444 1 0
445 1 0
446 1 0
447 1 0
448 1 0
449 1 0
450 1 0
451 1 0
452 1 0
453 1 0
454 1 0
455 1 0
456 1 0
457 1 0
458 1 0
459 1 0
460 1 0
461 1 0
462 1 0
463 1 0
464 1 0
465 1 0
466 1 0
467 1 0
468 1 0
469 1 0
470 1 0
471 1 0
472 1 0
473 1 0
474 1 0
475 1 0
476 1 0
477 1 0
478 1 0
479 1 0
480 1 0
481 1 0
482 1 0
483 1 0
484 1 0
485 1 0
486 1 0
487 1 0
488 1 0
489 1 0
490 1 0
491 1 0
492 1 0
493 1 0
494 1 0
495 1 0
496 1 0
497 1 0
498 1 0
499 1 0
500 1 0
501 1 0
502 1 0
503 1 0
504 1 0
505 1 0
506 1 0
507 1 0
508 1 0
509 1 0
510 1 0
511 1 0
512 1 0
513 1 0
514 1 0
515 1 0
516 1 0
517 1 0
518 1 0
519 1 0
520 1 0
521 1 0
522 1 0
523 1 0
524 1 0
525 1 0
526 1 0
527 1 0
528 1 0
529 1 0
530 1 0
531 1 0
532 1 0
533 1 0
534 1 0
535 1 0
536 1 0
537 1 0
538 1 0
539 1 0
540 1 0
541 1 0
542 1 0
543 1 0
544 1 0
545 1 0
546 1 0
547 1 0
548 1 0
549 1 0
550 1 0
551 1 0
552 1 0
553 1 0
554 1 0
555 1 0
556 1 0
557 1 0
558 1 0
559 1 0
560 1 0
561 1 0
562 1 0
563 1 0
564 1 0
565 1 0
566 1 0
567 1 0
568 1 0
569 1 0
570 1 0
571 1 0
572 1 0
573 1 0
574 1 0
575 1 0
576 1 0
577 1 0
578 1 0
579 1 0
580 1 0
581 1 0
582 1 0
583 1 0
584 1 0
585 1 0
586 1 0
587 1 0
588 1 0
589 1 0
590 1 0
591 1 0
592 1 0
593 1 0
594 1 0
595 1 0
596 1 0
597 1 0
598 1 0
599 1 0
600 2 193
601 2 104
602 2 147
603 2 211
604 2 187
605 2 188
606 2 258
607 2 290
608 2 84
609 2 101
610 2 279
611 2 122
612 2 195
613 2 107
614 2 158
615 2 231
616 2 182
617 2 173
618 2 208
619 2 272
620 2 151
621 2 27
622 2 198
623 2 12
624 2 179
625 2 124
626 2 231
627 2 286
628 2 284
629 2 220
630 2 259
631 2 226
632 2 146
633 2 61
634 2 164
635 2 288
636 2 173
637 2 67
638 2 243
639 2 137
640 2 186
641 2 92
642 2 114
643 2 217
644 2 210
645 2 68
646 2 193
647 2 63
648 2 41
649 2 83
650 2 186
651 2 217
652 2 173
653 2 176
654 2 134
655 2 288
656 2 137
657 2 107
658 2 196
659 2 53
660 2 194
661 2 216
662 2 211
663 2 154
664 2 144
665 2 222
666 2 188
667 2 131
668 2 163
669 2 80
670 2 190
671 2 72
672 2 0
673 2 96
674 2 70
675 2 257
676 2 295
677 2 108
678 2 194
679 2 290
680 2 197
681 2 190
682 2 98
683 2 71
684 2 195
685 2 260
686 2 132
687 2 200
688 2 247
689 2 188
690 2 228
691 2 241
692 2 220
693 2 229
694 2 224
695 2 268
696 2 297
697 2 136
698 2 251
699 2 214
700 2 236
701 2 233
702 2 248
703 2 197
704 2 28
705 2 39
706 2 38
707 2 211
708 2 188
709 2 104
710 2 236
711 2 217
712 2 243
713 2 160
714 2 201
715 2 271
716 2 129
717 2 122
718 2 167
719 2 229
720 2 314
721 2 236
722 2 236
723 2 129
724 2 140
725 2 77
726 2 217
727 2 247
728 2 151
729 2 113
730 2 114
731 2 67
732 2 187
733 2 68
734 2 270
735 2 214
736 2 245
737 2 306
738 2 195
739 2 197
740 2 98
741 2 98
742 2 56
743 2 198
744 2 177
745 2 213
746 2 132
747 2 189
748 2 167
749 2 241
750 2 233
751 2 70
752 2 21
753 2 56
754 2 158
755 2 106
756 2 136
757 2 275
758 2 132
759 2 122
760 2 267
761 2 102
762 2 264
763 2 255
764 2 98
765 2 161
766 2 300
767 2 21
768 2 98
769 2 115
770 2 236
771 2 182
772 2 199
773 2 176
774 2 287
775 2 293
776 2 98
777 2 127
778 2 77
779 2 161
780 2 145
781 2 86
782 2 137
783 2 136
784 2 98
785 2 197
786 2 198
787 2 102
788 2 42
789 2 124
790 2 221
791 2 117
792 2 128
793 2 293
794 2 224
795 2 0
796 2 115
797 2 58
798 2 293
799 2 180
800 2 140
801 2 137
802 2 25
803 2 107
804 2 145
805 2 163
806 2 175
807 2 124
808 2 142
809 2 165
810 2 151
811 2 149
812 2 158
813 2 250
814 2 129
815 2 173
816 2 78
817 2 74
818 2 152
819 2 62
820 2 100
821 2 147
822 2 168
823 2 143
824 2 42
825 2 131
826 2 121
827 2 41
828 2 136
829 2 66
830 2 212
831 2 105
832 2 168
833 2 136
834 2 83
835 2 55
836 2 19
837 2 104
838 2 110
839 2 192
840 2 14
841 2 216
842 2 126
843 2 120
844 2 195
845 2 140
846 2 178
847 2 122
848 2 74
849 2 38
850 2 59
851 2 73
852 2 31
853 2 55
854 2 1
855 2 94
856 2 98
857 2 74
858 2 184
859 2 122
860 2 57
861 2 61
862 2 13
863 2 3
864 2 0
865 2 47
866 2 244
867 2 273
868 2 80
869 2 32
870 2 200
871 2 163
872 2 181
873 2 25
874 2 197
875 2 187
876 2 139
877 2 28
878 2 4
879 2 45
880 2 51
881 2 61
882 2 156
883 2 79
884 2 217
885 2 68
886 2 59
887 2 175
888 2 235
889 2 262
890 2 283
891 2 19
892 2 93
893 2 194
894 2 94
895 2 250
896 2 138
897 2 112
898 2 105
899 2 225
900 2 123
901 2 5
902 2 183
903 2 26
904 2 9
905 2 0
906 2 0
907 2 0
908 2 40
909 2 0
910 2 0
911 2 0
912 2 0
913 2 0
914 2 0
915 2 0
916 2 0
917 2 0
918 2 0
919 2 0
920 2 0
921 2 0
922 2 0
923 2 0
924 2 0
925 2 0
926 2 0
927 2 0
928 2 0
929 2 0
930 2 0
931 2 0
932 2 0
933 2 0
934 2 0
935 2 0
936 2 0
937 2 0
938 2 0
939 2 0
940 2 0
941 2 0
942 2 0
943 2 0
944 2 0
945 2 0
946 2 0
947 2 0
948 2 0
949 2 0
950 2 0
951 2 0
952 2 0
953 2 0
954 2 0
955 2 0
956 2 0
957 2 0
958 2 0
959 2 0
960 2 0
961 2 0
962 2 0
963 2 0
964 2 0
965 2 0
966 2 0
967 2 0
968 2 0
969 2 0
970 2 0
971 2 0
972 2 0
973 2 0
974 2 0
975 2 0
976 2 0
977 2 0
978 2 0
979 2 0
980 2 0
981 2 0
982 2 0
983 2 0
984 2 0
985 2 0
986 2 0
987 2 0
988 2 0
989 2 0
990 2 0
991 2 0
992 2 0
993 2 0
994 2 0
995 2 0
996 2 0
997 2 0
998 2 0
999 2 0
1000 2 0
1001 2 0
1002 2 0
1003 2 0
1004 2 0
1005 2 0
1006 2 0
1007 2 0
1008 2 0
1009 2 0
1010 2 0
1011 2 0
1012 2 0
1013 2 0
1014 2 0
1015 2 0
1016 2 0
1017 2 0
1018 2 0
1019 2 0
1020 2 0
1021 2 0
1022 2 0
1023 2 0
1024 2 0
1025 2 0
1026 2 0
1027 2 0
1028 2 0
1029 2 0
1030 2 0
1031 2 0
1032 2 64
1033 2 289
1034 2 250
1035 2 54
1036 2 55
1037 2 132
1038 2 0
1039 2 104
1040 2 74
1041 2 124
1042 2 0
1043 2 14
1044 2 106
1045 2 175
1046 2 36
1047 2 55
1048 2 239
1049 2 196
1050 2 206
1051 2 41
1052 2 156
1053 2 264
1054 2 172
1055 2 35
1056 2 182
1057 2 235
1058 2 138
1059 2 55
1060 2 48
1061 2 284
1062 2 228
1063 2 137
1064 2 145
1065 2 154
1066 2 58
1067 2 228
1068 2 95
1069 2 0
1070 2 0
1071 2 0
1072 2 265
1073 2 294
1074 2 52
1075 2 0
1076 2 0
1077 2 0
1078 2 0
1079 2 291
1080 2 120
1081 2 112
1082 2 102
1083 2 51
1084 2 297
1085 2 277
1086 2 77
1087 2 74
1088 2 71
1089 2 280
1090 2 95
1091 2 218
1092 2 174
1093 2 61
1094 2 19
1095 2 297
1096 2 98
1097 2 170
1098 2 250
1099 2 0
1100 2 0
1101 2 0
1102 2 0
1103 2 0
1104 2 0
1105 2 0
1106 2 0
1107 2 0
1108 2 0
1109 2 0
1110 2 0
1111 2 0
1112 2 0
1113 2 0
1114 2 0
1115 2 0
1116 2 0
1117 2 0
1118 2 0
1119 2 0
1120 2 0
1121 2 0
1122 2 0
1123 2 0
1124 2 0
1125 2 0
1126 2 0
1127 2 0
1128 2 0
1129 2 0
1130 2 0
1131 2 0
1132 2 0
1133 2 0
1134 2 0
1135 2 0
1136 2 0
1137 2 248
1138 2 143
1139 2 137
1140 2 106
1141 2 76
1142 2 25
1143 2 217
1144 2 293
1145 2 120
1146 2 140
1147 2 250
1148 2 109
1149 2 250
1150 2 205
1151 2 154
1152 2 74
1153 2 118
1154 2 32
1155 2 95
1156 2 167
1157 2 90
1158 2 162
1159 2 56
1160 2 302
1161 2 143
1162 2 109
1163 2 68
1164 2 97
1165 2 124
1166 2 29
1167 2 101
1168 2 119
1169 2 0
1170 2 0
1171 2 0
1172 2 0
1173 2 178
1174 2 15
1175 2 50
1176 2 146
1177 2 8
1178 2 24
1179 2 220
1180 2 194
1181 2 89
1182 2 121
1183 2 217
1184 2 213
1185 2 243
1186 2 74
1187 2 89
1188 2 98
1189 2 98
1190 2 95
1191 2 106
1192 2 2
1193 2 178
1194 2 136
1195 2 191
1196 2 110
1197 2 140
1198 2 254
1199 2 150
1200 2 205
1201 2 140
1202 2 52
1203 2 213
1204 2 245
1205 2 86
1206 2 147
1207 2 25
1208 2 216
1209 2 312
1210 2 231
1211 2 229
1212 2 92
1213 2 98
1214 2 9
1215 2 98
1216 2 0
1217 2 144
1218 2 86
1219 2 41
1220 2 138
1221 2 249
1222 2 145
1223 2 73
1224 2 136
1225 2 231
1226 3 0
1227 3 0
1228 3 0
1229 3 0
1230 3 0
1231 3 0
1232 3 0
1233 3 0
1234 3 0
1235 3 0
1236 3 0
1237 3 0
1238 3 0
1239 3 0
1240 3 0
1241 3 0
1242 3 0
1243 3 0
1244 3 0
1245 3 0
1246 3 0
1247 3 0
1248 3 0
1249 3 0
1250 3 0
1251 3 0
1252 3 0
1253 3 0
1254 3 0
1255 3 0
1256 3 0
1257 3 0
1258 3 0
1259 3 0
1260 3 0
1261 3 0
1262 3 0
1263 3 0
1264 3 0
1265 3 0
1266 3 0
1267 3 0
1268 3 0
1269 3 0
1270 3 0
1271 3 0
1272 3 0
1273 3 0
1274 3 0
1275 3 0
1276 3 0
1277 3 0
1278 3 0
1279 3 0
1280 3 0
1281 3 0
1282 3 0
1283 3 0
1284 3 0
1285 3 0
1286 3 0
1287 3 0
1288 3 0
1289 3 0
1290 3 0
1291 3 0
1292 3 0
1293 3 0
1294 3 0
1295 3 0
1296 3 0
1297 3 0
1298 3 0
1299 3 0
1300 3 0
1301 3 0
1302 3 0
1303 3 0
1304 3 0
1305 3 0
1306 3 0
1307 3 0
1308 3 0
1309 3 0
1310 3 0
1311 3 0
1312 3 0
1313 3 0
1314 3 0
1315 3 0
1316 3 0
1317 3 0
1318 3 0
1319 3 0
1320 3 0
1321 3 0
1322 3 0
1323 3 0
1324 3 0
1325 3 0
1326 3 0
1327 3 0
1328 3 0
1329 3 0
1330 3 0
1331 3 0
1332 3 306
1333 3 151
1334 3 88
1335 3 29
1336 3 301
1337 3 225
1338 3 311
1339 3 314
1340 3 292
1341 3 307
1342 3 260
1343 3 75
1344 3 177
1345 3 65
1346 3 298
1347 3 309
1348 3 307
1349 3 314
1350 3 289
1351 3 271
1352 3 281
1353 3 245
1354 3 110
1355 3 286
1356 3 251
1357 3 286
1358 3 286
1359 3 267
1360 3 304
1361 3 291
1362 3 296
1363 3 283
1364 3 133
1365 3 234
1366 3 265
1367 3 124
1368 3 138
1369 3 289
1370 3 91
1371 3 212
1372 3 313
1373 3 227
1374 3 314
1375 3 298
1376 3 282
1377 3 224
1378 3 309
1379 3 37
1380 3 259
1381 3 82
1382 3 306
1383 3 281
1384 3 307
1385 3 282
1386 3 309
1387 3 313
1388 3 273
1389 3 259
1390 3 129
1391 3 250
1392 3 190
1393 3 46
1394 3 279
1395 3 275
1396 3 243
1397 3 313
1398 3 306
1399 3 276
1400 3 130
1401 3 296
1402 3 262
1403 3 64
1404 3 142
1405 3 307
1406 3 242
1407 3 246
1408 3 298
1409 3 232
1410 3 314
1411 3 307
1412 3 253
1413 3 301
1414 3 81
1415 3 157
1416 3 240
1417 3 286
1418 3 265
1419 3 301
1420 3 274
1421 3 303
1422 3 294
1423 3 310
1424 3 245
1425 3 306
1426 3 226
1427 3 253
1428 3 172
1429 3 207
1430 3 276
1431 3 239
1432 3 202
1433 3 221
1434 3 0
1435 3 149
1436 3 17
1437 3 222
1438 3 102
1439 3 6
1440 3 33
1441 3 99
1442 3 246
1443 3 121
1444 3 255
1445 3 155
1446 3 303
1447 3 199
1448 3 10
1449 3 188
1450 3 147
1451 3 185
1452 3 50
1453 3 111
1454 3 90
1455 3 24
1456 3 314
1457 3 190
1458 3 288
1459 3 188
1460 3 157
1461 3 251
1462 3 108
1463 3 160
1464 3 249
1465 3 75
1466 3 302
1467 3 281
1468 3 159
1469 3 306
1470 3 300
1471 3 264
1472 3 200
1473 3 239
1474 3 67
1475 3 124
1476 3 192
1477 3 224
1478 3 239
1479 3 167
1480 3 112
1481 3 237
1482 3 310
1483 3 52
1484 3 150
1485 3 250
1486 3 56
1487 3 305
1488 3 307
1489 3 264
1490 3 195
1491 3 237
1492 3 256
1493 3 258
1494 3 215
1495 3 261
1496 3 310
1497 3 264
1498 3 148
1499 3 267
1500 3 71
1501 3 224
1502 3 306
1503 3 134
1504 3 281
1505 3 240
1506 3 136
1507 3 268
1508 3 306
1509 3 183
1510 3 20
1511 3 197
1512 3 136
1513 3 310
1514 3 211
1515 3 72
1516 3 232
1517 3 0
1518 3 0
1519 3 0
1520 3 0
1521 3 0
1522 3 0
1523 3 0
1524 3 0
1525 3 0
1526 3 0
1527 3 0
1528 3 0
1529 3 0
1530 3 0
1531 3 0
1532 3 0
1533 3 0
1534 3 0
1535 3 0
1536 3 0
1537 3 0
1538 3 0
1539 3 0
1540 3 0
1541 3 0
1542 3 0
1543 3 0
1544 3 0
1545 3 0
1546 3 0
1547 3 0
1548 3 0
1549 3 0
1550 3 0
1551 3 0
1552 3 0
1553 3 0
1554 3 0
1555 3 0
1556 3 0
1557 3 0
1558 3 0
1559 3 0
1560 3 0
1561 3 0
1562 3 0
1563 3 0
1564 3 0
1565 3 0
1566 3 0
1567 3 0
1568 3 0
1569 3 0
1570 3 0
1571 3 0
1572 3 0
1573 3 0
1574 3 0
1575 3 0
1576 3 0
1577 3 0
1578 3 0
1579 3 0
1580 3 0
1581 3 0
1582 3 0
1583 3 0
1584 3 0
1585 3 0
1586 3 0
1587 3 0
1588 3 0
1589 3 0
1590 3 0
1591 3 0
1592 3 0
1593 3 0
1594 3 0
1595 3 0
1596 3 0
1597 3 0
1598 3 0
1599 3 0
1600 3 0
1601 3 0
1602 3 0
1603 3 0
1604 3 0
1605 3 0
1606 3 0
1607 3 0
1608 3 0
1609 3 0
1610 3 0
1611 3 0
1612 3 0
1613 3 0
1614 3 0
1615 3 0
1616 3 0
1617 3 0
1618 3 51
1619 3 167
1620 3 88
1621 3 219
1622 3 298
1623 3 276
1624 3 283
1625 3 293
1626 3 306
1627 3 124
1628 3 169
1629 3 183
1630 3 114
1631 3 15
1632 3 188
1633 3 274
1634 3 281
1635 3 210
1636 3 187
1637 3 301
1638 3 303
1639 3 220
1640 3 192
1641 3 77
1642 3 250
1643 3 263
1644 3 52
1645 3 233
1646 3 264
1647 3 48
1648 3 251
1649 3 307
1650 3 174
1651 3 106
1652 3 118
1653 3 265
1654 3 168
1655 3 24
1656 3 0
1657 3 124
1658 3 0
1659 3 0
1660 3 181
1661 3 221
1662 3 0
1663 3 80
1664 3 23
1665 3 81
1666 3 0
1667 3 0
1668 3 87
1669 3 311
1670 3 298
1671 3 274
1672 3 265
1673 3 239
1674 3 185
1675 3 287
1676 3 210
1677 3 141
1678 3 271
1679 3 130
1680 3 274
1681 3 280
1682 3 226
1683 3 211
1684 3 255
1685 3 293
1686 3 249
1687 3 278
1688 3 204
1689 3 100
1690 3 87
1691 3 53
1692 3 296
1693 3 313
1694 3 233
1695 3 296
1696 3 224
1697 3 284
1698 3 165
1699 3 284
1700 3 174
1701 3 183
1702 3 15
1703 3 252
1704 3 170
1705 3 213
1706 3 296
1707 3 287
1708 3 279
1709 3 293
1710 3 245
1711 3 236
1712 3 164
1713 3 204
1714 3 87
1715 3 170
1716 3 249
1717 3 195
1718 3 100
1719 3 209
1720 3 229
1721 3 314
1722 3 286
1723 3 76
1724 3 173
1725 3 189
1726 3 20
1727 3 269
1728 3 196
1729 3 253
1730 3 258
1731 3 208
1732 3 267
1733 3 309
1734 3 117
1735 3 139
1736 3 160
1737 3 106
1738 3 148
1739 3 69
1740 3 244
1741 3 281
1742 3 280
1743 3 284
1744 3 289
1745 3 313
1746 3 195
1747 3 240
1748 3 207
1749 3 66
1750 3 5
1751 3 149
1752 3 269
1753 3 232
1754 3 245
1755 3 292
1756 3 228
1757 3 310
1758 3 301
1759 3 215
1760 3 127
1761 3 201
1762 3 17
1763 3 74
1764 3 207
1765 3 116
1766 3 232
1767 3 197
1768 3 311
1769 3 293
1770 3 274
1771 3 129
1772 3 215
1773 3 176
1774 3 44
1775 3 63
1776 3 135
1777 3 276
1778 3 285
1779 3 173
1780 3 188
1781 3 248
1782 3 141
1783 3 0
1784 3 137
1785 3 23
1786 3 12
1787 3 184
1788 3 227
1789 3 166
1790 3 265
1791 3 293
1792 3 301
1793 3 314
1794 3 224
1795 3 245
1796 3 0
1797 3 0
1798 3 0
1799 3 0
1800 3 14
1801 3 195
1802 3 0
1803 3 191
1804 3 276
1805 3 280
1806 3 307
1807 3 0
1808 3 288
1809 3 296
1810 3 60
1811 3 256
1812 3 251
1813 3 211
1814 3 0
1815 3 98
1816 3 289
1817 3 314
1818 3 286
1819 3 285
1820 3 258
1821 3 159
1822 3 93
1823 3 77
1824 3 90
1825 3 195
1826 3 239
1827 3 0
1828 3 276
1829 3 306
1830 3 216
1831 3 188
1832 3 184
1833 3 203
